#list of masked channels, per dif: dif_1_1_1
#chip channel mask (0=not masked, 1=masked)
0 0 0
0 1 0
0 2 0
0 3 0
0 4 0
0 5 1
0 6 0
0 7 0
0 8 0
0 9 0
0 10 0
0 11 0
0 12 0
0 13 0
0 14 0
0 15 0
0 16 0
0 17 0
0 18 0
0 19 0
0 20 0
0 21 1
0 22 0
0 23 0
0 24 0
0 25 0
0 26 0
0 27 0
0 28 0
0 29 0
0 30 0
0 31 0
0 32 0
0 33 0
0 34 0
0 35 0
0 36 0
0 37 1
0 38 0
0 39 0
0 40 1
0 41 0
0 42 0
0 43 0
0 44 0
0 45 0
0 46 0
0 47 0
0 48 0
0 49 0
0 50 0
0 51 0
0 52 0
0 53 0
0 54 0
0 55 0
0 56 0
0 57 0
0 58 0
0 59 0
0 60 0
0 61 0
0 62 0
0 63 0
1 0 1
1 1 1
1 2 1
1 3 1
1 4 1
1 5 1
1 6 1
1 7 1
1 8 1
1 9 1
1 10 1
1 11 1
1 12 1
1 13 1
1 14 1
1 15 1
1 16 1
1 17 1
1 18 1
1 19 1
1 20 1
1 21 1
1 22 1
1 23 1
1 24 1
1 25 1
1 26 1
1 27 1
1 28 1
1 29 1
1 30 1
1 31 1
1 32 1
1 33 1
1 34 1
1 35 1
1 36 1
1 37 1
1 38 1
1 39 1
1 40 1
1 41 1
1 42 1
1 43 1
1 44 1
1 45 1
1 46 1
1 47 1
1 48 1
1 49 1
1 50 1
1 51 1
1 52 1
1 53 1
1 54 1
1 55 1
1 56 1
1 57 1
1 58 1
1 59 1
1 60 1
1 61 1
1 62 1
1 63 1
2 0 0
2 1 0
2 2 0
2 3 0
2 4 0
2 5 0
2 6 0
2 7 0
2 8 0
2 9 0
2 10 1
2 11 1
2 12 0
2 13 0
2 14 0
2 15 0
2 16 0
2 17 0
2 18 0
2 19 0
2 20 0
2 21 0
2 22 0
2 23 0
2 24 0
2 25 0
2 26 0
2 27 0
2 28 0
2 29 0
2 30 0
2 31 0
2 32 0
2 33 0
2 34 0
2 35 0
2 36 0
2 37 1
2 38 1
2 39 0
2 40 0
2 41 0
2 42 0
2 43 0
2 44 0
2 45 0
2 46 0
2 47 0
2 48 0
2 49 0
2 50 0
2 51 0
2 52 0
2 53 0
2 54 0
2 55 0
2 56 0
2 57 1
2 58 0
2 59 0
2 60 0
2 61 0
2 62 0
2 63 0
3 0 1
3 1 0
3 2 0
3 3 0
3 4 0
3 5 0
3 6 0
3 7 0
3 8 1
3 9 1
3 10 0
3 11 0
3 12 0
3 13 0
3 14 0
3 15 0
3 16 0
3 17 0
3 18 0
3 19 1
3 20 0
3 21 0
3 22 0
3 23 0
3 24 0
3 25 0
3 26 0
3 27 0
3 28 0
3 29 0
3 30 0
3 31 0
3 32 0
3 33 0
3 34 0
3 35 1
3 36 0
3 37 1
3 38 0
3 39 0
3 40 0
3 41 0
3 42 0
3 43 0
3 44 0
3 45 0
3 46 0
3 47 0
3 48 0
3 49 0
3 50 1
3 51 0
3 52 0
3 53 0
3 54 0
3 55 0
3 56 0
3 57 0
3 58 0
3 59 0
3 60 0
3 61 0
3 62 0
3 63 0
4 0 1
4 1 1
4 2 1
4 3 1
4 4 1
4 5 1
4 6 1
4 7 1
4 8 1
4 9 1
4 10 1
4 11 1
4 12 1
4 13 1
4 14 1
4 15 1
4 16 1
4 17 1
4 18 1
4 19 1
4 20 1
4 21 1
4 22 1
4 23 1
4 24 1
4 25 1
4 26 1
4 27 1
4 28 1
4 29 1
4 30 1
4 31 1
4 32 1
4 33 1
4 34 1
4 35 1
4 36 1
4 37 1
4 38 1
4 39 1
4 40 1
4 41 1
4 42 1
4 43 1
4 44 1
4 45 1
4 46 1
4 47 1
4 48 1
4 49 1
4 50 1
4 51 1
4 52 1
4 53 1
4 54 1
4 55 1
4 56 1
4 57 1
4 58 1
4 59 1
4 60 1
4 61 1
4 62 1
4 63 1
5 0 1
5 1 1
5 2 1
5 3 1
5 4 1
5 5 1
5 6 1
5 7 1
5 8 1
5 9 1
5 10 1
5 11 1
5 12 1
5 13 1
5 14 1
5 15 1
5 16 1
5 17 1
5 18 1
5 19 1
5 20 1
5 21 1
5 22 1
5 23 1
5 24 1
5 25 1
5 26 1
5 27 1
5 28 1
5 29 1
5 30 1
5 31 1
5 32 1
5 33 1
5 34 1
5 35 1
5 36 1
5 37 1
5 38 1
5 39 1
5 40 1
5 41 1
5 42 1
5 43 1
5 44 1
5 45 1
5 46 1
5 47 1
5 48 1
5 49 1
5 50 1
5 51 1
5 52 1
5 53 1
5 54 1
5 55 1
5 56 1
5 57 1
5 58 1
5 59 1
5 60 1
5 61 1
5 62 1
5 63 1
6 0 1
6 1 1
6 2 1
6 3 1
6 4 1
6 5 1
6 6 1
6 7 1
6 8 1
6 9 1
6 10 1
6 11 1
6 12 1
6 13 1
6 14 1
6 15 1
6 16 1
6 17 1
6 18 1
6 19 1
6 20 1
6 21 1
6 22 1
6 23 1
6 24 1
6 25 1
6 26 1
6 27 1
6 28 1
6 29 1
6 30 1
6 31 1
6 32 1
6 33 1
6 34 1
6 35 1
6 36 1
6 37 1
6 38 1
6 39 1
6 40 1
6 41 1
6 42 1
6 43 1
6 44 1
6 45 1
6 46 1
6 47 1
6 48 1
6 49 1
6 50 1
6 51 1
6 52 1
6 53 1
6 54 1
6 55 1
6 56 1
6 57 1
6 58 1
6 59 1
6 60 1
6 61 1
6 62 1
6 63 1
7 0 1
7 1 1
7 2 1
7 3 1
7 4 1
7 5 1
7 6 1
7 7 1
7 8 1
7 9 1
7 10 1
7 11 1
7 12 1
7 13 1
7 14 1
7 15 1
7 16 1
7 17 1
7 18 1
7 19 1
7 20 1
7 21 1
7 22 1
7 23 1
7 24 1
7 25 1
7 26 1
7 27 1
7 28 1
7 29 1
7 30 1
7 31 1
7 32 1
7 33 1
7 34 1
7 35 1
7 36 1
7 37 1
7 38 1
7 39 1
7 40 1
7 41 1
7 42 1
7 43 1
7 44 1
7 45 1
7 46 1
7 47 1
7 48 1
7 49 1
7 50 1
7 51 1
7 52 1
7 53 1
7 54 1
7 55 1
7 56 1
7 57 1
7 58 1
7 59 1
7 60 1
7 61 1
7 62 1
7 63 1
8 0 0
8 1 0
8 2 0
8 3 0
8 4 0
8 5 1
8 6 0
8 7 0
8 8 0
8 9 0
8 10 0
8 11 0
8 12 0
8 13 0
8 14 0
8 15 0
8 16 0
8 17 0
8 18 1
8 19 0
8 20 0
8 21 1
8 22 0
8 23 0
8 24 1
8 25 0
8 26 0
8 27 0
8 28 0
8 29 0
8 30 0
8 31 0
8 32 0
8 33 0
8 34 0
8 35 0
8 36 0
8 37 1
8 38 0
8 39 0
8 40 1
8 41 0
8 42 0
8 43 0
8 44 0
8 45 1
8 46 0
8 47 0
8 48 0
8 49 0
8 50 0
8 51 0
8 52 0
8 53 0
8 54 0
8 55 0
8 56 0
8 57 0
8 58 0
8 59 0
8 60 0
8 61 0
8 62 0
8 63 0
9 0 0
9 1 0
9 2 0
9 3 0
9 4 0
9 5 0
9 6 0
9 7 0
9 8 0
9 9 0
9 10 0
9 11 0
9 12 0
9 13 0
9 14 0
9 15 0
9 16 0
9 17 0
9 18 0
9 19 0
9 20 0
9 21 0
9 22 0
9 23 0
9 24 0
9 25 0
9 26 0
9 27 0
9 28 0
9 29 0
9 30 0
9 31 0
9 32 0
9 33 0
9 34 0
9 35 0
9 36 0
9 37 0
9 38 1
9 39 0
9 40 0
9 41 1
9 42 0
9 43 0
9 44 1
9 45 0
9 46 0
9 47 1
9 48 0
9 49 0
9 50 0
9 51 0
9 52 0
9 53 0
9 54 0
9 55 0
9 56 0
9 57 0
9 58 0
9 59 0
9 60 1
9 61 0
9 62 0
9 63 0
10 0 0
10 1 0
10 2 1
10 3 1
10 4 1
10 5 1
10 6 1
10 7 0
10 8 1
10 9 0
10 10 0
10 11 1
10 12 1
10 13 0
10 14 0
10 15 0
10 16 0
10 17 0
10 18 1
10 19 1
10 20 1
10 21 0
10 22 1
10 23 1
10 24 1
10 25 1
10 26 0
10 27 1
10 28 1
10 29 0
10 30 0
10 31 0
10 32 1
10 33 1
10 34 1
10 35 1
10 36 1
10 37 1
10 38 0
10 39 1
10 40 0
10 41 1
10 42 1
10 43 0
10 44 1
10 45 1
10 46 1
10 47 1
10 48 1
10 49 0
10 50 1
10 51 0
10 52 0
10 53 1
10 54 1
10 55 0
10 56 1
10 57 1
10 58 1
10 59 1
10 60 0
10 61 1
10 62 1
10 63 1
11 0 1
11 1 0
11 2 0
11 3 1
11 4 0
11 5 0
11 6 0
11 7 0
11 8 0
11 9 0
11 10 0
11 11 0
11 12 1
11 13 0
11 14 0
11 15 0
11 16 1
11 17 0
11 18 0
11 19 1
11 20 0
11 21 0
11 22 1
11 23 0
11 24 0
11 25 0
11 26 0
11 27 0
11 28 0
11 29 0
11 30 0
11 31 0
11 32 0
11 33 0
11 34 0
11 35 1
11 36 0
11 37 1
11 38 1
11 39 1
11 40 1
11 41 0
11 42 0
11 43 0
11 44 0
11 45 0
11 46 0
11 47 0
11 48 0
11 49 1
11 50 0
11 51 0
11 52 0
11 53 0
11 54 0
11 55 0
11 56 0
11 57 0
11 58 0
11 59 0
11 60 0
11 61 0
11 62 0
11 63 0
12 0 0
12 1 0
12 2 0
12 3 0
12 4 0
12 5 0
12 6 0
12 7 1
12 8 0
12 9 0
12 10 0
12 11 0
12 12 0
12 13 0
12 14 1
12 15 0
12 16 0
12 17 0
12 18 1
12 19 0
12 20 0
12 21 0
12 22 0
12 23 0
12 24 1
12 25 0
12 26 0
12 27 0
12 28 0
12 29 0
12 30 0
12 31 0
12 32 0
12 33 0
12 34 0
12 35 0
12 36 0
12 37 1
12 38 0
12 39 0
12 40 1
12 41 0
12 42 0
12 43 0
12 44 0
12 45 0
12 46 0
12 47 0
12 48 0
12 49 0
12 50 0
12 51 0
12 52 0
12 53 0
12 54 1
12 55 0
12 56 0
12 57 0
12 58 0
12 59 0
12 60 0
12 61 0
12 62 0
12 63 0
13 0 0
13 1 0
13 2 0
13 3 0
13 4 0
13 5 0
13 6 0
13 7 0
13 8 0
13 9 0
13 10 0
13 11 0
13 12 0
13 13 0
13 14 0
13 15 0
13 16 0
13 17 0
13 18 0
13 19 0
13 20 0
13 21 1
13 22 0
13 23 0
13 24 0
13 25 1
13 26 0
13 27 0
13 28 0
13 29 0
13 30 1
13 31 1
13 32 0
13 33 1
13 34 0
13 35 0
13 36 1
13 37 1
13 38 1
13 39 0
13 40 0
13 41 1
13 42 1
13 43 0
13 44 0
13 45 0
13 46 1
13 47 1
13 48 0
13 49 0
13 50 1
13 51 0
13 52 0
13 53 0
13 54 0
13 55 0
13 56 1
13 57 0
13 58 0
13 59 0
13 60 0
13 61 0
13 62 0
13 63 1
14 0 0
14 1 0
14 2 0
14 3 0
14 4 0
14 5 0
14 6 0
14 7 1
14 8 0
14 9 0
14 10 0
14 11 0
14 12 0
14 13 0
14 14 0
14 15 1
14 16 0
14 17 0
14 18 1
14 19 0
14 20 0
14 21 0
14 22 0
14 23 0
14 24 0
14 25 0
14 26 0
14 27 0
14 28 0
14 29 0
14 30 1
14 31 0
14 32 0
14 33 0
14 34 0
14 35 0
14 36 0
14 37 1
14 38 0
14 39 0
14 40 0
14 41 0
14 42 0
14 43 0
14 44 0
14 45 0
14 46 0
14 47 0
14 48 0
14 49 0
14 50 0
14 51 0
14 52 1
14 53 0
14 54 0
14 55 0
14 56 0
14 57 0
14 58 0
14 59 0
14 60 1
14 61 0
14 62 0
14 63 0
15 0 1
15 1 0
15 2 0
15 3 1
15 4 0
15 5 0
15 6 0
15 7 0
15 8 0
15 9 1
15 10 1
15 11 0
15 12 0
15 13 0
15 14 0
15 15 0
15 16 0
15 17 0
15 18 0
15 19 0
15 20 1
15 21 0
15 22 0
15 23 0
15 24 0
15 25 0
15 26 0
15 27 0
15 28 0
15 29 0
15 30 0
15 31 0
15 32 1
15 33 1
15 34 0
15 35 1
15 36 0
15 37 1
15 38 1
15 39 1
15 40 0
15 41 1
15 42 0
15 43 0
15 44 0
15 45 0
15 46 0
15 47 1
15 48 1
15 49 0
15 50 0
15 51 0
15 52 0
15 53 0
15 54 0
15 55 0
15 56 0
15 57 0
15 58 0
15 59 0
15 60 0
15 61 0
15 62 0
15 63 0
