#mip results dif_1_1_3
#chip channel mpv empv widthmpv chi2ndf nentries
0 0 65.0278 0.173514 4.95872 1.16319 8785
0 1 60.0669 0.222855 4.44964 1.00983 5191
0 2 60.0672 0.237285 4.85211 1.2325 4348
0 3 60.1843 0.2158 4.88411 0.99557 4580
0 4 60.5779 0.253668 5.24012 1.02992 3670
0 5 0 0 0 0 0
0 6 59.8379 0.232011 4.52384 0.986644 3891
0 7 64.7813 0.34618 5.23087 1.40971 2371
0 8 60.33 0.212695 4.88506 0.968312 4966
0 9 59.9672 0.234238 4.66146 1.1647 4226
0 10 64.1521 0.244767 5.12959 1.34258 4146
0 11 60.2087 0.235174 5.06276 1.14351 4237
0 12 64.3519 0.228957 5.22735 0.750822 5092
0 13 59.5873 0.266878 4.57012 0.902874 3584
0 14 60.7995 0.14929 4.982 1.29131 9282
0 15 59.5158 0.244341 4.57674 0.814655 3795
0 16 64.8858 0.379354 4.40919 0.982868 2369
0 17 60.2585 0.217663 5.26097 1.15534 4832
0 18 59.9633 0.236528 4.20661 1.28681 4153
0 19 0 0 0 0 0
0 20 59.109 0.254352 5.06518 1.08884 3724
0 21 58.9286 0.220834 4.92728 1.04613 4581
0 22 64.62 0.239098 5.54552 0.91864 4496
0 23 60.2127 0.229081 4.67376 1.04948 4102
0 24 62.038 0.204063 5.19975 1.06129 5567
0 25 57.9467 0.337748 4.66746 1.11143 1951
0 26 61.0607 0.169741 4.59538 1.14378 8040
0 27 60.9794 0.2857 4.33244 1.03403 3115
0 28 60.3772 0.290284 5.08741 1.0285 2995
0 29 59.9451 0.221892 4.78071 0.931262 4585
0 30 60.1969 0.271433 4.41303 1.01318 3598
0 31 64.5685 0.349001 5.47012 1.03066 2179
0 32 60.4681 0.241783 5.05993 0.922163 3824
0 33 59.7603 0.236269 5.23876 1.18123 3816
0 34 59.3786 0.166382 4.84217 1.13368 8302
0 35 58.8547 0.341625 4.89371 0.747771 1979
0 36 60.3328 0.22776 4.67251 0.86506 4263
0 37 0 0 0 0 0
0 38 57.9087 0.316684 4.34992 2.04152 2604
0 39 59.512 0.167754 4.79679 0.750274 7949
0 40 0 0 0 0 0
0 41 60.4972 0.254739 4.78859 1.41862 3463
0 42 60.3335 0.242983 4.97578 1.25031 4195
0 43 60.1398 0.191351 4.6362 1.27438 6281
0 44 59.818 0.237481 5.13278 1.09013 3973
0 45 60.927 0.259228 4.33993 1.41706 3712
0 46 60.948 0.150524 5.02807 1.06695 9949
0 47 65.6983 0.243253 5.07346 0.783034 4247
0 48 60.7095 0.233297 4.57378 1.27289 4168
0 49 61.0337 0.215313 5.09397 0.95702 5093
0 50 59.6299 0.245828 4.34905 1.4028 3968
0 51 57.0813 0.143028 4.37162 1.08653 9453
0 52 59.9488 0.197288 5.05683 0.817856 5637
0 53 60.023 0.175887 4.82441 1.03657 6932
0 54 61.0547 0.22546 4.57796 1.08263 4610
0 55 58.596 0.187322 4.80301 1.25707 5854
0 56 58.9888 0.169915 4.5452 0.758559 7842
0 57 58.4066 0.15744 4.80499 0.983535 8701
0 58 60.2491 0.213711 5.29504 0.816354 5050
0 59 59.3054 0.159807 4.5076 1.30593 8993
0 60 64.6216 0.188019 5.3351 0.984944 7347
0 61 59.0354 0.136326 4.488 1.37972 12031
0 62 50.7029 0.147875 4.1546 1.22693 8830
0 63 60.2661 0.215077 4.98097 0.906524 5385
1 0 64.8178 0.166055 5.37296 1.02022 10132
1 1 59.9582 0.16344 4.70916 1.07423 9449
1 2 59.4965 0.154128 4.85598 1.06541 10001
1 3 60.6872 0.217825 5.13299 1.57149 5102
1 4 60.2769 0.223289 5.36849 0.983567 4653
1 5 60.2532 0.221148 4.91971 0.94241 5501
1 6 58.598 0.178399 4.95621 1.13535 8560
1 7 59.1542 0.17158 4.48651 0.854921 8822
1 8 58.6865 0.207299 4.95524 0.884115 5665
1 9 58.8773 0.161371 4.97825 0.827065 9242
1 10 59.6093 0.156811 6.85268 3.3749 10366
1 11 58.5543 0.213234 5.1403 0.831767 5395
1 12 60.3369 0.225145 5.07532 1.04704 5185
1 13 59.7784 0.190869 5.0624 1.20466 6166
1 14 0 0 0 0 0
1 15 64.295 0.27474 4.56432 1.27215 4645
1 16 57.1676 0.142955 4.88564 0.994957 12022
1 17 58.6291 0.214848 5.08322 1.33479 5368
1 18 59.0107 0.24407 5.27551 1.05814 4553
1 19 57.5475 0.167015 4.66272 1.17874 8390
1 20 58.9781 0.229179 5.62096 0.642776 4925
1 21 57.287 0.164409 4.74435 0.993156 9054
1 22 58.0348 0.191092 6.67819 2.584 6656
1 23 57.6757 0.216193 4.73426 0.870577 5700
1 24 57.3435 0.209515 5.24535 0.80682 5621
1 25 57.6052 0.167383 4.65133 1.04733 9700
1 26 56.2787 0.205938 4.12732 0.835625 5742
1 27 58.5143 0.222052 4.8677 1.05119 5175
1 28 58.1376 0.196764 5.53748 0.906386 6687
1 29 57.4669 0.211216 5.26312 1.12443 5684
1 30 57.5214 0.234533 5.35149 1.05439 4991
1 31 57.536 0.163351 4.76598 1.13643 8755
1 32 57.4247 0.212354 5.05994 0.80894 6408
1 33 0 0 0 0 0
1 34 57.3905 0.196602 5.36283 0.880991 6327
1 35 58.2871 0.152826 5.0065 0.820434 10324
1 36 58.2455 0.238155 4.91977 0.950783 4587
1 37 0 0 0 0 0
1 38 61.3556 0.144689 4.45601 1.32799 12943
1 39 57.092 0.183408 4.842 0.655512 7161
1 40 58.6877 0.240571 5.19477 0.926797 4687
1 41 0 0 0 0 0
1 42 0 0 0 0 0
1 43 0 0 0 0 0
1 44 0 0 0 0 0
1 45 0 0 0 0 0
1 46 0 0 0 0 0
1 47 0 0 0 0 0
1 48 0 0 0 0 0
1 49 0 0 0 0 0
1 50 0 0 0 0 0
1 51 0 0 0 0 0
1 52 0 0 0 0 0
1 53 0 0 0 0 0
1 54 61.8295 0.168141 4.96385 1.14239 8226
1 55 62.0475 0.187368 5.13289 0.849973 7085
1 56 59.9519 0.204589 5.44334 1.0409 5978
1 57 64.2504 0.205065 5.06574 1.03402 6724
1 58 62.4737 0.190735 4.88061 0.797429 6782
1 59 61.4808 0.201165 5.40074 0.721353 5999
1 60 66.1705 0.200064 5.327 1.00263 7519
1 61 61.3661 0.186567 5.34258 0.932163 6545
1 62 63.0433 0.195725 4.98128 1.039 7089
1 63 62.0689 0.183369 4.4279 1.49817 7249
2 0 58.872 0.142799 4.78357 1.06463 11150
2 1 59.01 0.17285 4.74988 1.13759 6876
2 2 57.802 0.182313 4.63979 1.35565 6129
2 3 57.6869 0.225444 4.69676 0.907848 4155
2 4 58.2176 0.244951 4.46802 0.965572 3722
2 5 58.3862 0.220369 4.95867 1.08631 4278
2 6 58.3408 0.202775 4.72885 1.11516 5282
2 7 56.2575 0.319082 3.7753 1.55255 2337
2 8 57.1618 0.211129 4.39804 1.19714 4992
2 9 58.448 0.204173 5.14601 1.25449 5001
2 10 57.9137 0.205153 4.50236 0.9414 4925
2 11 58.1909 0.232902 5.02051 0.897197 4186
2 12 57.5422 0.216135 5.09048 0.974338 4669
2 13 58.5018 0.283247 5.08252 1.26876 3107
2 14 58.5329 0.149414 4.42827 1.43451 9499
2 15 58.9229 0.260496 4.90175 1.00384 3231
2 16 55.6375 0.259233 4.56628 1.06163 2749
2 17 58.081 0.216204 4.63798 0.84126 4961
2 18 58.7015 0.248301 4.8037 0.819923 3670
2 19 57.1307 0.327819 4.73916 0.801763 2096
2 20 58.1675 0.222006 4.63619 1.18413 4248
2 21 59.201 0.196408 4.66655 1.18648 5623
2 22 58.9261 0.23931 4.37229 1.2925 3972
2 23 58.0138 0.214253 4.88287 1.11781 5097
2 24 57.8081 0.190747 4.9595 1.17024 5807
2 25 58.1792 0.31313 4.36514 1.15243 2248
2 26 59.2594 0.155229 4.96535 1.1401 9018
2 27 60.1873 0.237526 5.07353 1.23933 3644
2 28 58.0859 0.245574 4.27943 1.02337 3472
2 29 58.0776 0.18526 4.84933 0.669261 5870
2 30 59.3565 0.234953 4.73591 1.06906 4113
2 31 57.958 0.322584 5.01061 0.700859 2075
2 32 58.8504 0.248982 4.31915 0.9159 3524
2 33 58.9116 0.228367 4.72753 1.15452 3661
2 34 58.1241 0.138976 4.84658 0.952654 10667
2 35 58.068 0.362452 4.19763 0.835912 2094
2 36 58.7019 0.219677 4.66965 0.706429 4082
2 37 0 0 0 0 0
2 38 64.8728 0.303616 4.60883 1.5797 2721
2 39 59.5827 0.170494 4.72422 1.28727 7202
2 40 58.5349 0.235653 4.71907 1.27971 4134
2 41 59.2502 0.265932 4.71002 1.05473 3181
2 42 58.9765 0.23502 4.75914 1.04171 4147
2 43 58.2686 0.217566 4.0677 1.17619 5850
2 44 59.1765 0.230729 4.56367 1.05801 4002
2 45 59.5999 0.251466 4.82342 0.837937 3364
2 46 58.7436 0.146959 5.03161 0.859563 10176
2 47 64.3032 0.270499 5.35562 1.30314 3335
2 48 58.7576 0.22741 4.57258 1.44621 3940
2 49 58.3073 0.218121 5.14031 1.31752 4675
2 50 59.6207 0.219274 4.8482 0.746041 4407
2 51 0 0 0 0 0
2 52 57.8782 0.195586 4.43524 1.07445 5382
2 53 65.1528 0.211412 5.14206 1.29117 6073
2 54 58.8165 0.212041 4.68044 1.06419 4872
2 55 59.0499 0.182484 4.51366 0.807578 6865
2 56 58.588 0.172775 4.72635 0.831822 7382
2 57 59.1411 0.164917 4.6789 1.22298 8926
2 58 59.2074 0.202589 4.94106 0.979232 5159
2 59 59.2681 0.151603 4.69549 1.20533 9460
2 60 58.8373 0.190088 4.79041 1.06014 6291
2 61 58.1709 0.121244 4.64244 1.4336 13530
2 62 60.4473 0.147469 5.03955 0.678572 10847
2 63 58.6702 0.202053 4.66084 1.36668 6074
3 0 61.6779 0.16119 5.4078 0.697774 9338
3 1 61.4858 0.165623 5.2035 0.862746 8876
3 2 62.2506 0.163867 4.78919 1.09306 8721
3 3 63.0888 0.193157 4.92109 0.89787 5620
3 4 61.5229 0.246819 4.68576 1.08266 4472
3 5 62.8218 0.224705 5.01864 1.38039 5399
3 6 61.7994 0.176135 4.67335 1.02523 7550
3 7 62.5481 0.146859 4.74315 0.912086 11214
3 8 61.7694 0.191752 4.79083 1.3865 5990
3 9 61.8675 0.171928 4.24616 1.11143 8226
3 10 62.3118 0.152678 4.78026 0.907674 10518
3 11 60.8592 0.234925 4.97889 1.25247 4662
3 12 62.7448 0.21483 4.58233 1.28979 5481
3 13 62.6945 0.198071 5.15791 1.07884 6431
3 14 63.6961 0.192486 5.39588 1.21065 6971
3 15 62.6819 0.240287 4.94952 1.20784 4446
3 16 59.8842 0.121879 4.75331 1.3931 14732
3 17 61.5686 0.223921 5.3064 0.909021 4924
3 18 63.0926 0.237968 5.1738 0.701589 4417
3 19 60.8364 0.160505 4.83295 1.09688 9144
3 20 62.2814 0.244771 5.57213 1.14428 4527
3 21 61.6889 0.17905 4.75292 1.02955 8001
3 22 63.4349 0.180175 4.93006 1.00982 7635
3 23 62.5638 0.236472 4.56913 0.889202 5203
3 24 62.5882 0.20022 5.11243 1.35938 5889
3 25 62.7665 0.157422 4.70651 1.37828 9822
3 26 60.4668 0.203779 5.0137 1.16838 6025
3 27 61.4367 0.229299 4.75003 1.057 4872
3 28 62.2735 0.193538 4.46369 0.953283 6617
3 29 61.5446 0.216912 5.30571 1.06015 5168
3 30 62.413 0.236622 5.06266 1.25736 4412
3 31 69.0036 0.164201 5.17534 0.935925 10373
3 32 62.5892 0.1906 4.97391 1.18722 6656
3 33 64.4084 0.22868 5.74751 1.28993 4934
3 34 62.4213 0.195664 5.24318 0.892854 6394
3 35 61.5946 0.162336 4.76888 0.853973 9130
3 36 64.1801 0.238804 5.2169 1.2123 4736
3 37 0 0 0 0 0
3 38 61.689 0.157519 5.41557 1.38806 9896
3 39 62.8093 0.188424 5.14103 1.08719 6450
3 40 61.5609 0.227533 5.15538 1.07856 4641
3 41 62.3221 0.199051 5.44997 0.921568 6164
3 42 62.0382 0.241077 5.30198 0.896281 4382
3 43 61.4735 0.225591 4.38841 1.12084 5452
3 44 63.3178 0.185027 5.08534 0.893763 7391
3 45 62.072 0.244036 4.41998 1.14939 4328
3 46 61.6707 0.19087 4.94985 1.23421 6673
3 47 62.1506 0.138117 4.79083 1.01068 12670
3 48 62.017 0.234296 5.35357 0.92554 4308
3 49 61.8432 0.226826 4.87404 0.930939 4563
3 50 62.1771 0.212346 6.77803 2.14464 5603
3 51 61.7245 0.180056 5.06463 1.27075 6937
3 52 61.2403 0.222368 5.41309 1.84972 4685
3 53 63.1399 0.163379 5.28229 0.754887 8896
3 54 62.9336 0.218003 4.82377 1.13022 5145
3 55 61.752 0.214901 4.40218 1.03146 5789
3 56 61.6962 0.209226 4.78657 0.94347 6084
3 57 62.3556 0.182416 4.87348 1.06742 6764
3 58 62.7537 0.213742 5.42615 1.11772 5224
3 59 61.116 0.199066 5.17938 0.963498 6075
3 60 63.1316 0.193655 5.35286 1.10561 6531
3 61 61.4664 0.175805 5.06632 0.952832 7607
3 62 61.1009 0.191428 5.03241 1.01407 6456
3 63 61.1592 0.213434 4.84516 1.27813 5879
4 0 60.7611 0.140826 4.75413 0.835498 11957
4 1 62.3265 0.166529 4.89936 1.09205 8745
4 2 68.0778 0.196403 4.90492 0.904875 8007
4 3 63.0287 0.229594 5.15908 1.26382 4505
4 4 63.3662 0.23001 5.50964 1.04568 4588
4 5 63.9276 0.216373 4.83932 1.01682 5258
4 6 61.3205 0.184941 4.34809 1.27929 6764
4 7 61.6451 0.290451 5.19668 0.886684 2887
4 8 62.6342 0.224912 5.10342 0.740263 5459
4 9 61.2689 0.181771 4.88235 1.11209 6787
4 10 61.3806 0.185987 4.90229 1.24616 6329
4 11 63.286 0.204882 5.00114 1.07887 5460
4 12 63.4454 0.241207 5.17119 1.07561 4803
4 13 62.6069 0.243995 5.86804 0.879326 4034
4 14 62.9953 0.159517 5.03243 1.23095 9702
4 15 62.8963 0.24715 4.99635 0.776272 4249
4 16 61.0748 0.286877 5.36515 1.58403 3485
4 17 63.3949 0.200613 5.13706 1.25792 6071
4 18 63.3105 0.235155 5.20897 0.876268 4601
4 19 0 0 0 0 0
4 20 62.68 0.24162 5.7792 1.00249 4268
4 21 61.5249 0.182127 4.66877 0.822847 7399
4 22 63.4687 0.24495 4.70834 0.942327 4370
4 23 62.8592 0.22903 5.31167 1.10443 5146
4 24 63.227 0.197349 5.54751 1.14765 6280
4 25 61.4245 0.349525 5.0315 1.16229 2252
4 26 63.3872 0.158788 4.75755 1.05138 10238
4 27 63.046 0.247691 5.6609 1.49477 3880
4 28 63.6914 0.282816 5.06767 0.890327 3590
4 29 63.0328 0.207089 4.86613 0.854991 5815
4 30 65.5587 0.224725 5.09074 1.21891 4432
4 31 61.3283 0.350918 4.07181 1.01119 2113
4 32 61.9598 0.270439 5.33706 1.06002 3189
4 33 63.3132 0.269347 4.73971 0.924054 3445
4 34 63.3414 0.160966 5.11828 0.772725 9493
4 35 61.2471 0.40278 4.17434 1.44508 2393
4 36 64.1419 0.254543 5.11059 0.775913 3857
4 37 0 0 0 0 0
4 38 61.2681 0.31733 4.6157 1.02191 2596
4 39 63.9393 0.216154 5.30308 1.2048 5281
4 40 0 0 0 0 0
4 41 62.5059 0.285311 5.42714 0.791252 3422
4 42 64.8648 0.255119 5.41806 1.11632 4234
4 43 63.4127 0.225865 5.52415 1.11399 5258
4 44 68.7777 0.256652 5.23649 0.706876 4456
4 45 63.3511 0.265905 5.73069 0.679705 3560
4 46 63.3265 0.162128 5.15078 0.865296 8801
4 47 69.1144 0.34943 5.12244 0.938629 2753
4 48 63.4274 0.265579 4.61019 1.20132 3973
4 49 64.4221 0.234643 5.55099 1.13047 4600
4 50 63.4701 0.238022 5.46765 0.99784 4654
4 51 63.5789 0.194882 4.81119 1.23137 6509
4 52 63.3667 0.224537 5.01341 0.935556 5460
4 53 63.0533 0.243873 5.03663 1.40489 4300
4 54 62.0789 0.216566 4.97901 1.33799 5160
4 55 63.1305 0.193171 4.99318 1.13023 6967
4 56 63.6157 0.216375 4.92829 1.2813 5160
4 57 63.3896 0.212043 5.37205 1.0766 5939
4 58 63.4703 0.218057 4.70432 1.0079 5117
4 59 64.349 0.163034 5.26025 1.41892 9304
4 60 63.4438 0.225329 5.05854 1.18587 4754
4 61 63.9171 0.154069 5.18008 1.16641 10232
4 62 63.0687 0.149593 5.12256 0.879903 11095
4 63 63.3456 0.198607 4.97619 0.863619 6097
5 0 61.0285 0.177819 4.85205 1.44537 7420
5 1 59.0909 0.177518 4.68188 1.01446 6745
5 2 60.1244 0.182807 4.43553 0.930152 6892
5 3 60.6643 0.185291 4.86164 1.05548 6433
5 4 60.0169 0.235141 5.31361 1.09823 4668
5 5 60.2942 0.191525 4.76312 0.910248 6007
5 6 59.9942 0.1865 4.77208 1.02043 6294
5 7 59.3521 0.127408 4.59127 1.31355 12951
5 8 59.915 0.178441 4.63017 0.943971 6697
5 9 60.6283 0.184033 4.91623 1.04114 6655
5 10 60.8307 0.161182 4.90855 0.983386 8605
5 11 59.3314 0.199528 4.51255 0.891078 5128
5 12 60.127 0.186597 4.61182 0.901804 6366
5 13 60.3594 0.176284 4.56289 1.02986 7384
5 14 61.0637 0.167646 4.60642 1.32942 7848
5 15 59.4831 0.20113 4.73656 1.23757 5179
5 16 58.9835 0.133706 4.31814 0.929888 11546
5 17 64.219 0.215825 4.91278 1.11749 5266
5 18 59.7713 0.226499 4.64211 0.883658 4782
5 19 0 0 0 0 0
5 20 60.5537 0.22446 4.5812 1.09311 4478
5 21 64.8427 0.215379 5.33855 0.673875 6314
5 22 59.8486 0.152017 4.67664 0.845076 8740
5 23 60.2951 0.215658 4.57532 1.30227 4986
5 24 59.8402 0.182566 4.96532 1.11935 6599
5 25 60.3042 0.154381 4.62865 1.54102 9296
5 26 58.9876 0.181324 4.96008 1.13679 6367
5 27 60.1856 0.199979 3.88132 0.963862 4718
5 28 60.3514 0.184463 4.98635 0.985523 6223
5 29 59.6226 0.220737 5.17073 1.03015 4927
5 30 60.614 0.256155 4.04332 2.06485 4443
5 31 60.2273 0.151711 4.79229 0.991838 9769
5 32 59.9156 0.173309 4.78097 0.797735 6903
5 33 60.1439 0.204291 4.57536 1.03833 5187
5 34 60.7226 0.197305 4.94253 0.969343 5996
5 35 58.3043 0.136599 4.6452 1.15642 10797
5 36 60.8767 0.219629 4.7126 1.08309 4826
5 37 0 0 0 0 0
5 38 59.6227 0.138985 4.7834 0.871482 11067
5 39 58.8952 0.155223 4.7431 0.870226 8953
5 40 59.5383 0.210478 4.46363 1.54418 4898
5 41 61.0423 0.167593 4.84957 1.34415 7566
5 42 59.9717 0.210326 4.61775 1.08195 5209
5 43 59.09 0.1939 4.40624 0.923608 5759
5 44 58.8629 0.158409 4.59465 0.749174 8007
5 45 58.7937 0.19279 4.32815 1.11666 5361
5 46 59.3414 0.181404 4.71899 0.875788 6661
5 47 58.7423 0.127305 4.55887 1.26841 14135
5 48 60.3722 0.22483 4.35298 0.95685 5357
5 49 57.6157 0.185225 4.44531 0.667882 5934
5 50 60.0555 0.186849 4.87042 1.19392 6092
5 51 57.2971 0.14815 4.56399 1.19582 9852
5 52 58.9758 0.190768 4.27846 1.33008 6126
5 53 57.4685 0.132835 4.15511 1.00446 11198
5 54 60.321 0.191487 4.77422 1.04369 6127
5 55 59.5619 0.185259 4.86645 0.985535 6297
5 56 57.1894 0.154364 4.75044 1.16902 8924
5 57 57.8253 0.139112 4.23288 1.23903 9951
5 58 58.4215 0.183029 4.57956 0.882877 6041
5 59 58.6002 0.171322 4.36925 1.17918 7121
5 60 56.4636 0.14511 4.17821 1.62786 9227
5 61 57.4569 0.149003 4.4313 1.59833 9613
5 62 58.2426 0.167374 4.77783 1.01465 7582
5 63 59.3451 0.175387 4.62595 1.02252 6637
6 0 60.4723 0.132622 4.5299 1.06856 12299
6 1 61.2258 0.161063 5.07632 1.10378 9703
6 2 61.6459 0.156235 4.87565 1.19599 9205
6 3 60.7009 0.21577 4.13076 1.4907 4801
6 4 60.3783 0.228365 5.05631 1.43113 4389
6 5 60.9006 0.20356 4.77022 0.984033 5092
6 6 62.3569 0.170608 5.00802 1.03536 8398
6 7 59.4499 0.277762 4.94005 1.2053 2922
6 8 61.0042 0.206607 4.73162 0.984379 5594
6 9 67.8309 0.0103613 0.199592 4.14912 7579
6 10 60.2133 0.179064 4.34195 1.06367 7434
6 11 59.8049 0.215224 4.51168 0.902441 5135
6 12 62.4732 0.214791 4.86921 0.948974 5160
6 13 60.2283 0.230778 4.59913 0.975176 4230
6 14 60.3441 0.14783 6.41815 3.2896 10429
6 15 0 0 0 0 0
6 16 59.3198 0.23357 4.86938 1.0528 4283
6 17 60.2903 0.19094 4.59135 1.04664 5837
6 18 61.2687 0.219787 4.8414 0.985822 4868
6 19 65.7578 0.329929 5.41392 1.08445 2455
6 20 61.4621 0.262396 4.69089 0.814292 3990
6 21 61.87 0.1705 5.01774 0.804332 7856
6 22 60.2282 0.209665 4.92246 1.03148 4550
6 23 60.5363 0.218809 4.60775 1.0282 4409
6 24 61.1998 0.194656 5.03904 0.998527 6429
6 25 66.3359 0.343652 5.23882 1.34719 2172
6 26 60.6012 0.147432 4.40022 1.09106 10058
6 27 66.4201 0.256646 5.66813 1.16049 3719
6 28 60.8003 0.257505 4.97944 1.25751 3347
6 29 60.3155 0.205293 5.12449 0.871761 5198
6 30 61.3129 0.260628 5.07335 1.038 3985
6 31 67.8655 0.369411 5.91454 1.04996 2082
6 32 60.5926 0.256059 4.89814 0.976421 3160
6 33 61.1726 0.278503 5.29553 0.818319 3142
6 34 61.2308 0.16376 4.79013 0.914239 8855
6 35 60.3532 0.296674 4.71081 0.955315 2310
6 36 60.9683 0.263165 4.93977 1.2071 3587
6 37 0 0 0 0 0
6 38 60.9705 0.365032 4.13385 1.06106 1990
6 39 62.0047 0.284245 4.44691 1.14417 2854
6 40 61.4205 0.241276 4.88811 0.877526 3780
6 41 61.3701 0.239083 5.17506 0.991299 3943
6 42 61.71 0.236254 4.74642 1.40605 4352
6 43 61.196 0.216369 4.89474 0.738813 4926
6 44 60.896 0.264161 4.99723 0.993662 3407
6 45 61.0685 0.258349 3.78867 0.765448 3924
6 46 60.0119 0.154355 4.34784 0.784072 9046
6 47 60.0004 0.406272 4.80942 1.0483 1614
6 48 61.9019 0.237698 4.15664 0.900885 4453
6 49 60.87 0.198132 4.49881 1.06594 5325
6 50 61.3248 0.25313 4.67304 1.08581 3547
6 51 66.4683 0.251079 5.2526 1.66546 3938
6 52 61.1184 0.186733 5.05988 0.742472 6308
6 53 61.0161 0.287257 4.85505 1.12493 2594
6 54 60.9351 0.228696 4.31057 1.16152 4184
6 55 61.8957 0.212285 4.57588 1.10282 5350
6 56 66.2495 0.320167 4.9729 1.06625 3012
6 57 62.0882 0.314339 4.36169 1.16548 3382
6 58 60.4436 0.236363 4.295 0.823628 3907
6 59 60.7688 0.158828 4.66939 0.878974 10257
6 60 61.0858 0.28924 4.58002 1.0704 2645
6 61 61.1278 0.197654 4.68121 1.20107 6367
6 62 61.18 0.159318 5.04338 1.05483 9227
6 63 61.2395 0.243834 4.20616 0.923075 4643
7 0 63.4796 0.249539 5.72245 0.988467 4414
7 1 63.6192 0.278712 4.90487 1.01066 3748
7 2 58.9317 0.245951 4.38171 1.13003 3663
7 3 0 0 0 0 0
7 4 58.9164 0.211774 5.27295 0.793249 5140
7 5 58.9034 0.2155 4.89611 1.30483 4767
7 6 58.1574 0.262074 5.397 1.08351 3640
7 7 62.6812 0.158416 4.77144 1.03191 9737
7 8 59.0318 0.206911 4.33779 1.20273 5250
7 9 0 0 0 0 0
7 10 0 0 0 0 0
7 11 58.2321 0.186228 4.68288 1.10504 5817
7 12 58.7938 0.195534 4.96614 0.823053 5245
7 13 58.4713 0.16832 4.63273 1.07612 7960
7 14 59.4836 0.191936 4.84413 1.33511 5857
7 15 59.2067 0.185715 5.13074 1.13347 6079
7 16 59.269 0.19011 4.4933 1.15878 6759
7 17 58.509 0.189222 4.4299 1.2654 5679
7 18 59.6592 0.196115 4.68372 1.37691 5859
7 19 58.3119 0.13546 5.02574 0.900532 11362
7 20 59.3498 0.226561 4.74199 1.12144 4347
7 21 57.9381 0.231987 4.99696 1.41563 3957
7 22 60.7118 0.180983 4.8712 1.07179 6961
7 23 59.1169 0.228033 4.31389 1.47153 4512
7 24 59.2082 0.230456 4.64642 0.917155 5020
7 25 63.488 0.166171 4.67061 0.883181 8870
7 26 59.511 0.182988 4.45851 0.838871 6729
7 27 59.7522 0.216833 4.53275 1.02294 4530
7 28 60.0923 0.182606 5.13794 1.69914 6191
7 29 59.1366 0.219529 4.85159 0.653966 4362
7 30 59.5367 0.233847 5.10146 1.09069 4323
7 31 63.9008 0.162727 5.09901 1.03185 8813
7 32 60.3024 0.189093 4.23457 0.774173 6204
7 33 59.5478 0.214885 4.75848 1.28952 4657
7 34 64.0106 0.199848 6.57991 2.04395 5972
7 35 56.3705 0.149336 4.80231 1.64963 9870
7 36 60.0086 0.233216 5.98414 1.13688 4379
7 37 0 0 0 0 0
7 38 64.2219 0.15579 5.34749 0.85041 10575
7 39 59.8881 0.145129 4.74698 0.845686 10026
7 40 59.6681 0.228904 4.96477 0.726607 4592
7 41 58.9822 0.169437 4.47615 1.19452 6827
7 42 60.1608 0.206921 5.20603 0.922969 5095
7 43 58.6068 0.199853 4.95044 0.966845 4966
7 44 59.9075 0.166145 4.77369 1.27597 7518
7 45 59.143 0.200128 4.35365 0.812162 5408
7 46 58.012 0.18789 4.63354 1.00673 5823
7 47 58.1143 0.125288 4.3699 1.34363 12049
7 48 59.7203 0.214789 4.81697 1.00907 5149
7 49 59.917 0.193548 4.67628 1.50349 5787
7 50 60.1084 0.191022 4.85786 1.00035 5844
7 51 59.1695 0.140384 4.7549 1.10837 10258
7 52 58.5613 0.188707 6.2493 2.13225 5940
7 53 59.8634 0.139235 4.79002 0.968357 11209
7 54 59.4138 0.196777 4.78051 1.25247 5877
7 55 59.0866 0.188513 5.10665 0.762114 6139
7 56 59.2745 0.142049 4.78502 1.57065 9584
7 57 58.5701 0.140802 4.75062 1.05578 10236
7 58 58.9799 0.198585 5.39331 0.657514 5803
7 59 59.2595 0.179891 4.86703 1.4284 6828
7 60 58.9709 0.143833 4.56885 1.38076 9544
7 61 58.0779 0.136095 4.40778 1.28072 10977
7 62 58.2262 0.167471 4.20182 0.818763 7565
7 63 58.2837 0.177903 4.58918 1.03464 6279
8 0 58.014 0.182585 4.63969 0.791155 6481
8 1 58.6635 0.217142 4.74269 0.815345 5522
8 2 58.2995 0.216298 4.34734 0.881684 4962
8 3 59.0499 0.198905 4.53134 1.04004 5080
8 4 58.9464 0.216584 5.04019 1.16228 4337
8 5 0 0 0 0 0
8 6 62.1356 0.241835 5.28509 0.866553 4318
8 7 61.8888 0.197026 4.68608 1.22939 6914
8 8 58.8176 0.192953 4.97121 1.23966 5395
8 9 57.4938 0.223049 4.2379 1.02636 4625
8 10 62.7361 0.208447 4.43408 1.5958 5905
8 11 58.1754 0.220019 4.84018 1.12262 4698
8 12 59.4027 0.228404 4.32344 1.36062 4935
8 13 60.2195 0.193939 4.71668 1.4635 5556
8 14 58.6826 0.181772 4.9272 0.831178 6974
8 15 60.0559 0.22551 5.0109 0.934241 4441
8 16 58.3256 0.182503 4.99445 1.0409 6241
8 17 58.6813 0.209123 4.36282 1.10829 5120
8 18 60.528 0.249384 4.58983 0.97384 4222
8 19 58.9838 0.203083 4.75448 1.03583 5761
8 20 59.2994 0.230713 4.32847 1.23362 3888
8 21 58.6162 0.230682 4.46623 1.10422 4423
8 22 60.3724 0.187377 4.8452 1.03847 6393
8 23 59.2009 0.220069 4.74406 1.3771 4522
8 24 58.5085 0.18971 5.16355 1.14742 5853
8 25 59.0835 0.209856 4.8476 1.27281 5399
8 26 59.1929 0.198616 4.79503 0.94062 5845
8 27 60.5385 0.240763 5.09451 1.10283 4203
8 28 60.2834 0.215809 4.89454 1.32093 5193
8 29 58.72 0.202302 5.05547 0.833364 5078
8 30 60.2365 0.247832 4.86476 1.08382 3958
8 31 59.2435 0.175421 4.8517 0.850501 7449
8 32 59.834 0.176194 4.33347 1.15033 7120
8 33 60.5465 0.210809 4.8718 1.05555 5500
8 34 0 0 0 0 0
8 35 0 0 0 0 0
8 36 60.0011 0.209095 5.18185 0.827573 5284
8 37 0 0 0 0 0
8 38 59.0307 0.170114 4.87981 0.798166 7331
8 39 59.0812 0.158095 4.97192 0.932629 8995
8 40 0 0 0 0 0
8 41 60.494 0.177315 5.0057 1.06293 6696
8 42 60.0582 0.212005 5.2007 0.986538 4887
8 43 58.8232 0.175536 4.71186 0.843048 6482
8 44 59.766 0.175466 4.71432 0.968786 6964
8 45 60.4366 0.20379 4.8832 1.00551 5288
8 46 58.96 0.177957 4.42282 1.31514 7352
8 47 59.4075 0.129874 4.59273 1.37041 12136
8 48 60.5217 0.221162 4.95381 0.7911 5055
8 49 59.5671 0.200859 4.6536 0.806675 5695
8 50 60.4606 0.189434 5.17859 0.811881 6165
8 51 58.4096 0.132636 4.39539 0.940976 11697
8 52 58.9996 0.190569 4.11849 0.831102 5961
8 53 63.9426 0.139645 4.90077 1.03506 11677
8 54 59.6215 0.196515 4.90239 1.47743 5420
8 55 58.8352 0.180323 4.21848 1.34011 7153
8 56 59.5453 0.15699 4.91203 0.771849 8720
8 57 58.436 0.145896 4.78614 1.19184 9989
8 58 59.6573 0.204908 4.8674 1.01587 5222
8 59 58.2682 0.173757 4.62337 1.2246 6954
8 60 59.8479 0.160158 4.70098 0.935526 9159
8 61 58.9741 0.129477 4.80843 0.831362 13001
8 62 57.9064 0.167447 4.78605 0.73262 7386
8 63 58.6992 0.179388 4.79172 1.16895 6445
9 0 60.113 0.117114 4.70382 1.15751 14960
9 1 59.7543 0.134665 4.79802 0.930341 11130
9 2 59.8681 0.160555 4.54401 1.19915 8753
9 3 61.4138 0.181064 4.80151 1.04345 6613
9 4 61.7493 0.36165 6.03485 1.2556 1993
9 5 65.945 0.284363 5.43565 0.840152 3475
9 6 0 0 0 0 0
9 7 59.1313 0.170483 4.75838 0.83204 7491
9 8 61.1793 0.256588 4.77118 1.52635 3962
9 9 59.9568 0.149936 4.4334 1.18984 9130
9 10 59.9794 0.147645 4.96036 1.26036 10253
9 11 61.1017 0.339594 5.62518 1.21832 2243
9 12 61.0938 0.223476 4.97911 1.1841 4433
9 13 60.0109 0.153896 4.70973 1.01876 8641
9 14 60.6787 0.155796 5.0545 0.669387 9079
9 15 60.8599 0.188448 4.95253 1.00478 5935
9 16 59.1204 0.146777 5.11724 0.71571 10065
9 17 61.7493 0.212141 4.9768 1.52948 5729
9 18 61.5882 0.282647 5.14905 1.14977 2985
9 19 59.9974 0.158825 4.69564 0.779144 8679
9 20 61.7849 0.352634 5.07412 0.910363 1733
9 21 60.5273 0.156297 4.74776 0.904345 8951
9 22 60.4199 0.170211 4.64221 0.771931 8037
9 23 61.8647 0.366514 5.3051 0.954268 2142
9 24 61.6395 0.181759 4.90512 1.18267 6974
9 25 65.152 0.165114 5.14569 0.877001 9330
9 26 61.8621 0.152856 4.81586 0.858777 8532
9 27 66.0659 0.197258 5.66316 0.866967 6390
9 28 59.6152 0.147109 4.95321 0.965599 9343
9 29 61.1813 0.190399 4.76894 1.16753 5934
9 30 62.06 0.270097 4.81907 1.103 2939
9 31 66.349 0.230684 5.43616 1.017 4731
9 32 61.0296 0.214148 4.96313 1.34859 4828
9 33 61.679 0.224593 4.92043 0.984488 4403
9 34 62.0378 0.153481 4.96818 0.929278 9113
9 35 0 0 0 0 0
9 36 60.9517 0.255758 4.8446 0.748298 3627
9 37 0 0 0 0 0
9 38 0 0 0 0 0
9 39 55.7945 0.183824 4.28663 0.802739 5544
9 40 62.036 0.300304 4.33363 1.61088 2915
9 41 0 0 0 0 0
9 42 0 0 0 0 0
9 43 0 0 0 0 0
9 44 0 0 0 0 0
9 45 0 0 0 0 0
9 46 0 0 0 0 0
9 47 0 0 0 0 0
9 48 0 0 0 0 0
9 49 0 0 0 0 0
9 50 0 0 0 0 0
9 51 0 0 0 0 0
9 52 0 0 0 0 0
9 53 0 0 0 0 0
9 54 59.7041 0.176728 4.80339 1.04942 6272
9 55 0 0 0 0 0
9 56 56.5306 0.179812 4.64969 0.814442 6206
9 57 59.1741 0.180872 4.65317 1.19203 6634
9 58 59.9744 0.180188 4.59559 1.18365 6948
9 59 60.1541 0.151913 4.95126 1.10676 9224
9 60 54.6189 0.309846 4.56707 0.859478 2380
9 61 56.4205 0.144795 4.39061 1.2698 10353
9 62 59.9252 0.144766 4.76778 1.0478 11365
9 63 59.5961 0.177813 4.89481 1.27094 7045
10 0 60.644 0.143498 4.7618 0.802879 10350
10 1 61.2465 0.159962 4.91364 1.22179 9177
10 2 61.7228 0.174077 4.63998 1.36463 7887
10 3 0 0 0 0 0
10 4 61.5927 0.234416 4.70933 1.35284 4510
10 5 63.1079 0.207614 5.01666 1.41216 5643
10 6 61.8675 0.206336 4.6421 0.895661 6802
10 7 60.9499 0.168875 4.53974 1.31578 7991
10 8 62.649 0.190855 4.74052 0.782591 6441
10 9 66.6602 0.189989 5.6154 1.36181 7518
10 10 63.2949 0.158287 5.18789 1.26684 9339
10 11 61.3739 0.226354 4.92044 1.00611 5031
10 12 62.5309 0.199039 5.00067 1.45345 5807
10 13 62.9521 0.195848 5.20555 0.920211 5964
10 14 60.7435 0.162551 4.99181 1.06131 8296
10 15 63.0152 0.216926 4.88497 1.00557 5128
10 16 66.3009 0.161635 5.13908 0.88435 9738
10 17 62.6925 0.2106 4.70957 0.833393 5484
10 18 62.8866 0.248382 4.55454 1.34785 4606
10 19 62.637 0.212583 5.04654 0.733636 6202
10 20 67.3493 0.228651 5.82752 1.25571 5111
10 21 63.6541 0.185375 4.8606 0.736322 6995
10 22 62.7602 0.172911 5.13861 0.962853 7756
10 23 62.4196 0.209622 4.96474 0.967294 5396
10 24 61.4917 0.179305 4.96562 1.06258 7163
10 25 61.7953 0.182451 5.0128 0.949228 7107
10 26 67.0027 0.209159 5.12698 1.23249 6079
10 27 61.9021 0.208638 4.76558 1.43655 5276
10 28 67.0313 0.204648 5.41661 0.891851 6710
10 29 60.8934 0.207338 4.59406 0.920917 5249
10 30 62.3298 0.213646 4.83364 0.997212 5156
10 31 67.6231 0.194719 4.96494 1.30119 7114
10 32 62.7851 0.182672 5.0233 1.0213 6587
10 33 62.3041 0.206982 4.92168 1.02963 5393
10 34 61.6057 0.204986 5.06437 0.874149 5932
10 35 67.4635 0.21926 5.25519 1.39853 6512
10 36 62.7783 0.217451 5.10522 0.799153 5117
10 37 0 0 0 0 0
10 38 67.5605 0.193091 5.2058 1.403 7792
10 39 66.6254 0.175781 4.87673 1.07755 8327
10 40 62.2387 0.214612 5.15715 0.819232 4916
10 41 67.4598 0.213109 4.75387 1.17094 6021
10 42 62.4701 0.234798 4.39752 0.864051 4671
10 43 61.5885 0.219133 4.91382 0.825993 5193
10 44 62.5324 0.178102 4.69398 1.03869 7450
10 45 62.794 0.206874 4.95318 1.06171 5200
10 46 61.6488 0.200663 4.61774 0.871949 5815
10 47 67.4531 0.149501 5.04489 1.2248 11729
10 48 62.6202 0.220678 4.04427 1.24525 4791
10 49 62.2774 0.221128 4.53462 0.813504 5221
10 50 63.0956 0.198602 5.31742 0.746242 6361
10 51 71.4156 0.0783096 0.447665 8.38411 10598
10 52 62.1208 0.211204 4.91749 1.09194 5225
10 53 61.3356 0.139017 4.85772 1.29766 11436
10 54 67.2937 0.227134 4.693 1.15973 5634
10 55 67.9606 0.194588 5.24648 0.940437 7396
10 56 61.8338 0.170589 4.67188 1.04766 7995
10 57 60.7983 0.152365 4.66992 1.14249 9152
10 58 62.2002 0.200076 4.79587 1.01611 5524
10 59 60.756 0.204263 4.42381 0.716976 5738
10 60 66.6597 0.173007 4.95446 0.960939 8539
10 61 67.2081 0.15081 4.97981 1.27216 12286
10 62 62.4086 0.176351 5.0101 1.06653 7844
10 63 66.7576 0.208896 5.29882 0.717068 6401
11 0 63.0506 0.134694 5.14583 1.14863 14262
11 1 68.4815 0.158078 5.31418 0.740796 11074
11 2 70.2797 0.179776 5.61572 1.12757 8492
11 3 62.3909 0.204411 4.75339 1.16918 5905
11 4 65.334 0.235936 4.82378 1.15896 4635
11 5 63.3922 0.214102 5.07903 0.770816 5491
11 6 60.8195 0.159335 4.65201 1.23749 7736
11 7 59.6418 0.193165 4.74869 1.05079 5973
11 8 63.6251 0.208945 4.5809 1.01512 5848
11 9 61.0461 0.169439 4.84017 0.843224 7825
11 10 67.5608 0.042296 0.344242 10.5792 9128
11 11 64.2588 0.229063 5.64023 1.05339 4986
11 12 63.537 0.201464 4.75639 1.20535 5867
11 13 61.5664 0.203315 4.74264 1.07887 5310
11 14 63.877 0.156963 4.84941 1.08844 9141
11 15 62.5703 0.227299 4.89307 1.2758 4873
11 16 60.6327 0.173287 5.48472 1.08085 8786
11 17 63.5342 0.217042 5.25968 1.25892 5779
11 18 62.7506 0.21191 5.03201 1.01794 5012
11 19 59.3727 0.213468 4.39623 1.21286 5067
11 20 63.485 0.223265 4.53684 0.974618 4955
11 21 68.8114 0.17499 5.26676 0.71592 8598
11 22 62.3221 0.196169 4.58781 0.893698 6179
11 23 64.3505 0.227422 5.57379 0.738056 5050
11 24 64.3419 0.177651 4.94243 1.08287 7245
11 25 59.7865 0.19949 4.89463 0.989368 5572
11 26 64.6 0.188045 5.21627 1.42795 6715
11 27 63.3024 0.22012 5.12264 0.722999 4892
11 28 61.5712 0.207869 4.66196 1.22041 5609
11 29 63.4222 0.201149 5.05754 1.12173 5755
11 30 63.6136 0.206024 4.8937 1.43796 5221
11 31 61.6327 0.207474 4.38404 0.895062 5783
11 32 61.6661 0.193371 4.94685 0.93828 5680
11 33 62.3072 0.205879 4.62766 0.879593 5124
11 34 63.6319 0.186966 6.68732 2.1978 6964
11 35 62.0702 0.22569 4.68954 0.682031 4984
11 36 63.9872 0.220405 4.71667 0.869233 5295
11 37 0 0 0 0 0
11 38 59.9929 0.187927 3.87687 1.02749 6362
11 39 62.5041 0.181035 5.0244 0.902064 6930
11 40 63.3217 0.221286 4.62487 0.887055 5095
11 41 61.4411 0.219856 5.06206 1.0127 5117
11 42 63.8952 0.236839 5.25498 1.02052 4228
11 43 63.3823 0.201876 5.28994 0.929075 5794
11 44 61.8643 0.185612 4.73582 0.867766 6401
11 45 62.3553 0.224372 4.76537 0.861382 4827
11 46 62.5637 0.184267 4.85209 0.716846 6972
11 47 61.2836 0.173073 5.27904 0.986692 7821
11 48 62.9045 0.230047 4.86888 0.926559 4622
11 49 64.1406 0.230362 4.71405 1.48327 4687
11 50 62.8434 0.204697 5.13149 1.37534 5526
11 51 62.4988 0.157632 4.79994 0.882624 9374
11 52 63.5086 0.200851 4.83685 0.824411 5765
11 53 63.2029 0.1744 5.48695 1.10137 8195
11 54 63.0386 0.209916 5.13065 0.962097 5776
11 55 63.585 0.172628 4.98113 1.54025 7810
11 56 61.8453 0.189873 5.15311 1.12729 6322
11 57 63.2664 0.199259 4.64835 1.06127 6539
11 58 62.4351 0.204387 5.13785 0.681792 5338
11 59 63.5789 0.185531 5.02806 1.25016 6921
11 60 62.1196 0.187575 4.97925 0.782922 7085
11 61 62.85 0.137457 5.12315 1.27316 12126
11 62 63.2026 0.15677 4.4685 1.26663 9545
11 63 63.2207 0.20829 5.35587 1.41345 5486
12 0 59.4368 0.136778 4.70704 1.06378 12622
12 1 59.3613 0.14548 4.54951 0.863171 10740
12 2 61.3196 0.150347 4.70728 1.12963 10229
12 3 62.3387 0.2001 4.68792 1.18761 6435
12 4 62.5131 0.205931 4.76514 0.974787 5298
12 5 61.9181 0.206356 4.79897 0.942023 5874
12 6 58.2911 0.156667 4.32652 1.20487 8816
12 7 60.9761 0.169698 5.12519 1.16981 8191
12 8 61.5881 0.204319 5.41319 1.60414 6101
12 9 66.3085 0.174519 5.30468 1.36142 9411
12 10 60.7731 0.141023 4.64668 0.892773 11863
12 11 61.0326 0.221524 4.84888 1.38915 4930
12 12 66.7278 0.20908 5.76794 0.962413 6260
12 13 62.6573 0.17968 4.54628 1.13474 7185
12 14 60.7287 0.178753 4.09151 1.4998 6803
12 15 62.8552 0.214839 4.81737 1.23115 5878
12 16 65.9455 0.15032 5.14857 1.11145 12163
12 17 61.744 0.306857 5.16668 1.09176 3025
12 18 61.9063 0.195773 4.66702 1.42941 5805
12 19 67.253 0.198324 5.20302 1.07437 7637
12 20 61.8457 0.212709 5.15542 1.08704 5145
12 21 59.4587 0.161647 4.72705 1.27091 8913
12 22 62.1374 0.175333 5.08926 0.9117 7613
12 23 61.5752 0.224308 5.04921 0.901411 4757
12 24 61.4357 0.199407 5.27571 0.929611 6217
12 25 62.3905 0.18528 4.92872 0.955047 7096
12 26 61.1889 0.322619 5.47999 1.06704 2647
12 27 62.7328 0.201173 4.56506 1.22346 5541
12 28 62.8181 0.188493 5.00289 1.07958 6715
12 29 61.9704 0.330574 4.91347 1.12434 2596
12 30 61.8696 0.219593 4.54298 1.14125 5195
12 31 67.7559 0.215712 4.97174 0.951185 6271
12 32 62.8076 0.203816 5.11444 1.38682 5933
12 33 62.6553 0.221997 5.12464 1.56201 5054
12 34 61.5594 0.404413 4.43908 0.965345 2352
12 35 62.8506 0.198357 4.74817 1.18757 6866
12 36 61.8202 0.232857 4.5871 1.0057 4855
12 37 0 0 0 0 0
12 38 61.7195 0.160704 4.91981 1.25919 9003
12 39 65.9596 0.207974 5.08133 1.01594 6340
12 40 0 0 0 0 0
12 41 64.0962 0.194321 5.16753 1.17066 6385
12 42 62.0147 0.23098 4.40713 1.25324 4956
12 43 61.0285 0.275814 5.26238 1.05557 3159
12 44 66.589 0.175972 5.31665 1.05023 8755
12 45 62.6208 0.213398 5.16869 0.987818 5518
12 46 62.0476 0.323794 5.02819 0.797411 3072
12 47 66.2142 0.177381 5.26456 1.32009 8504
12 48 63.0275 0.213913 5.02237 1.47133 5013
12 49 60.9505 0.214463 5.06439 1.24704 5337
12 50 0 0 0 0 0
12 51 61.8769 0.190384 4.75937 0.754408 6951
12 52 61.0547 0.20212 4.93503 1.03091 5381
12 53 62.3873 0.164567 4.98418 1.20169 8219
12 54 63.8595 0.192116 5.06853 1.03349 6534
12 55 61.7503 0.178973 4.71876 1.04158 7628
12 56 62.6188 0.19953 4.81582 1.02568 6335
12 57 61.8659 0.180117 5.03324 1.27583 6884
12 58 62.9874 0.206036 6.92215 1.69998 6350
12 59 60.6323 0.196898 4.94296 1.22745 5795
12 60 62.8473 0.191255 5.22927 0.881515 6822
12 61 59.9943 0.166096 4.59667 0.967523 8066
12 62 61.141 0.161636 4.74709 1.10169 8805
12 63 61.2977 0.177883 4.69557 1.74153 6918
13 0 64.049 0.163989 5.02584 1.58374 9257
13 1 64.2129 0.182273 5.06722 1.16195 8008
13 2 64.3518 0.210858 5.04618 1.05523 6314
13 3 63.497 0.207291 6.8384 2.25734 6045
13 4 64.2662 0.236343 5.05341 1.33051 4829
13 5 63.0409 0.19875 4.95229 1.14563 6181
13 6 63.8942 0.208946 4.95756 1.28432 6370
13 7 62.5171 0.190248 4.85049 1.02137 7054
13 8 63.3367 0.210217 4.57405 1.00171 6377
13 9 64.9705 0.206885 5.74899 1.26182 6646
13 10 69.2878 0.211265 5.75658 1.09864 7233
13 11 0 0 0 0 0
13 12 63.0307 0.214884 5.08138 1.28457 6575
13 13 64.3068 0.226687 5.52776 1.14238 5236
13 14 69.3016 0.169272 5.083 1.12542 10568
13 15 65.4841 0.239734 4.84425 1.20099 5056
13 16 62.8386 0.196828 5.42662 1.13159 7003
13 17 63.8402 0.210473 5.27531 1.07909 5734
13 18 64.2318 0.227713 4.71271 0.916783 4987
13 19 62.7054 0.24436 4.83208 0.961102 5221
13 20 63.3827 0.237825 5.18469 0.980633 4493
13 21 63.8295 0.196619 5.3409 1.08232 6996
13 22 64.6358 0.200575 5.18757 1.22259 7099
13 23 63.7955 0.235636 5.35453 0.900346 4567
13 24 64.3278 0.182124 4.88699 0.711816 8469
13 25 70.5193 0.264407 5.56052 1.04394 4850
13 26 66.1412 0.204906 4.87029 1.08122 6768
13 27 64.7871 0.254155 5.6404 0.737099 4557
13 28 64.6703 0.236081 5.64358 1.14307 4878
13 29 64.521 0.271012 5.6355 1.22459 3773
13 30 63.4883 0.252193 4.71478 1.04854 4647
13 31 70.4781 0.229434 5.45742 1.26757 5650
13 32 64.0025 0.219463 5.27494 0.972923 5670
13 33 63.9634 0.22989 4.58798 0.858437 4884
13 34 63.7072 0.29689 5.3753 1.19084 3333
13 35 69.3404 0.21673 5.76996 1.10965 6017
13 36 63.664 0.231709 5.25577 1.12279 5179
13 37 0 0 0 0 0
13 38 70.4147 0.2212 5.21917 1.63648 6379
13 39 61.066 0.158664 5.00791 1.43305 9345
13 40 63.5579 0.226209 5.13881 0.92733 5043
13 41 69.6343 0.222524 5.49144 0.831932 6147
13 42 64.8094 0.234808 5.17677 1.18941 5257
13 43 65.1108 0.284725 5.66512 0.873754 3335
13 44 69.8574 0.222133 4.99679 1.10753 6483
13 45 63.9755 0.222945 5.21151 1.03062 5286
13 46 65.6241 0.365653 6.31499 1.36849 2595
13 47 61.4025 0.174943 4.7071 0.872164 9280
13 48 64.2101 0.230142 5.19722 0.893153 5651
13 49 0 0 0 0 0
13 50 64.2574 0.209442 5.37905 0.75991 6061
13 51 61.6179 0.140756 4.8942 1.13843 12415
13 52 64.5719 0.271625 5.46757 0.829625 3899
13 53 61.9936 0.167201 4.97111 1.22391 9659
13 54 64.8337 0.209918 4.81426 1.0417 6188
13 55 0 0 0 0 0
13 56 63.4559 0.16834 4.79014 1.49964 9080
13 57 63.6156 0.165472 5.224 1.00737 9134
13 58 64.9468 0.205618 4.89352 1.08416 5929
13 59 65.0481 0.329521 6.19607 0.865325 2938
13 60 61.5201 0.167624 5.37815 1.42357 8619
13 61 62.1035 0.12256 5.03376 0.91659 15296
13 62 64.1107 0.179936 5.35312 0.952916 7855
13 63 65.1866 0.214859 4.33207 1.16641 6196
14 0 60.413 0.145566 4.99952 0.805594 10803
14 1 61.8391 0.149527 5.00342 1.76366 10117
14 2 62.3138 0.152977 5.08146 0.721934 9563
14 3 62.1732 0.200405 4.5466 1.45044 5877
14 4 62.5205 0.228857 4.89025 1.06032 4994
14 5 62.384 0.212238 4.81043 1.30596 5333
14 6 66.6571 0.172882 5.3608 1.4329 8667
14 7 66.0065 0.18266 5.41292 0.954528 7755
14 8 62.3467 0.200177 4.92942 1.03668 5980
14 9 66.4165 0.161249 5.27778 1.22103 9350
14 10 66.8914 0.153159 5.24129 1.15249 10984
14 11 61.4349 0.22109 4.52776 0.912066 5375
14 12 66.8328 0.230504 5.99793 1.1708 5526
14 13 66.7919 0.193839 4.77297 1.22129 7020
14 14 61.8691 0.185247 4.60932 0.870577 6790
14 15 63.0056 0.217711 5.03821 1.12447 5518
14 16 62.5636 0.148815 4.88486 1.47017 11078
14 17 62.3117 0.211118 4.96696 1.25249 5526
14 18 66.8175 0.233556 5.50201 1.28581 5105
14 19 66.9023 0.193868 5.05301 1.75851 7419
14 20 62.9269 0.257864 4.97227 0.885919 4400
14 21 61.7022 0.149879 4.8025 1.12799 9444
14 22 67.3249 0.187073 5.26141 0.730382 7325
14 23 62.5005 0.241223 4.88502 0.980193 4727
14 24 62.03 0.194706 4.82789 1.32186 6299
14 25 62.085 0.19016 4.87223 1.1885 6320
14 26 61.6608 0.198417 4.64457 0.803292 6446
14 27 67.0696 0.229059 5.27263 1.16719 4792
14 28 66.7777 0.209576 5.12366 0.759449 5806
14 29 61.4647 0.217667 4.48798 1.38389 4893
14 30 63.0357 0.23517 5.10378 1.10613 4353
14 31 62.8392 0.201672 5.38806 1.80642 5649
14 32 63.4462 0.214508 5.20944 1.05813 5314
14 33 66.4527 0.249085 5.1807 1.43576 4448
14 34 61.7251 0.199191 4.94527 1.02726 5558
14 35 61.4087 0.17281 4.33069 1.40223 7602
14 36 63.0485 0.226682 5.05492 1.84264 4113
14 37 0 0 0 0 0
14 38 62.3709 0.196325 4.79323 1.38142 6696
14 39 60.8876 0.27697 4.51606 1.2407 3524
14 40 62.6833 0.249835 5.33717 1.00694 3994
14 41 62.2342 0.177447 4.91528 1.23241 7031
14 42 62.484 0.217163 5.1781 0.750392 5065
14 43 62.0027 0.210324 5.04739 1.12965 5237
14 44 66.6977 0.206044 5.20635 1.04536 6280
14 45 63.1252 0.215364 5.51727 1.54812 5402
14 46 62.8788 0.202144 5.33778 1.08067 5634
14 47 61.6398 0.228248 5.04361 1.20825 4730
14 48 61.632 0.210283 4.70547 1.04806 5157
14 49 61.5981 0.1974 4.75579 1.40285 5721
14 50 61.5678 0.217804 4.80482 1.11014 4829
14 51 61.7288 0.243332 4.43453 1.13515 4490
14 52 61.2942 0.188297 4.62451 1.0472 6655
14 53 61.4097 0.237874 4.18125 0.969216 4648
14 54 67.0563 0.269948 5.12613 1.12377 4439
14 55 61.8076 0.205208 5.68415 1.05945 5826
14 56 66.0419 0.283218 5.26106 1.21476 3326
14 57 66.552 0.267833 5.36479 1.18379 3841
14 58 62.2621 0.229174 5.31554 0.76633 4419
14 59 61.3271 0.174587 4.8024 1.19893 7785
14 60 65.4018 0.262417 5.48719 0.915059 3886
14 61 60.2701 0.209155 4.92189 0.848048 5192
14 62 60.6623 0.186229 4.52596 1.32984 7093
14 63 61.1673 0.213271 4.68713 1.05891 5149
15 0 61.316 0.214778 4.86694 1.00553 5876
15 1 61.0771 0.235195 5.18083 0.777519 4733
15 2 61.3396 0.262437 4.68872 0.919566 3730
15 3 0 0 0 0 0
15 4 60.8452 0.210955 5.23618 0.866993 5055
15 5 61.4502 0.228882 4.96601 1.15136 4486
15 6 60.4682 0.269978 4.32166 1.18534 3549
15 7 0 0 0 0 0
15 8 62.2545 0.233369 4.83903 1.11957 4670
15 9 0 0 0 0 0
15 10 0 0 0 0 0
15 11 61.4113 0.225634 4.64299 0.86913 5277
15 12 61.2086 0.211147 5.39653 1.31137 5315
15 13 60.9876 0.167476 4.67787 1.22316 8059
15 14 62.2574 0.166941 4.83606 1.03469 8433
15 15 61.7944 0.19714 5.37376 1.07725 6479
15 16 61.7116 0.236212 5.37461 1.2222 4997
15 17 62.3926 0.177991 5.22212 1.44855 7041
15 18 62.1188 0.205569 4.80987 1.22671 5809
15 19 60.6221 0.176605 4.96194 0.962812 7836
15 20 63.1089 0.2496 4.89715 1.31285 4151
15 21 61.232 0.25211 4.75083 1.00693 4079
15 22 61.28 0.176077 5.27063 1.0403 7201
15 23 62.456 0.241121 4.63641 1.0949 4580
15 24 62.6096 0.195165 4.97933 1.70025 6504
15 25 60.1543 0.207486 5.03655 1.23624 5479
15 26 63.0266 0.159406 4.72005 0.961164 9380
15 27 63.1332 0.2507 4.61516 1.13942 4947
15 28 60.9741 0.204794 5.19869 0.978365 5581
15 29 61.5807 0.218038 5.15093 1.04939 5147
15 30 62.8898 0.23488 5.27467 1.14175 4637
15 31 59.5051 0.21473 4.90158 1.30283 5239
15 32 61.3031 0.208515 5.06018 0.96353 5241
15 33 63.1217 0.229391 5.23872 1.31379 4790
15 34 63.774 0.199805 4.9511 1.22292 6223
15 35 58.9667 0.198883 4.93894 1.22287 5950
15 36 62.4264 0.237662 5.62738 0.955345 4957
15 37 0 0 0 0 0
15 38 60.3375 0.188229 5.02559 1.10623 6280
15 39 61.7756 0.154537 4.82315 0.914338 9974
15 40 0 0 0 0 0
15 41 60.4526 0.197678 5.06278 0.780304 5957
15 42 62.2956 0.214739 4.60756 0.930988 5477
15 43 62.4262 0.214425 4.7295 1.26059 5582
15 44 61.5591 0.18976 4.58708 0.736262 6593
15 45 62.3895 0.211592 4.71396 1.09095 5287
15 46 62.0712 0.202843 4.69019 1.21753 6184
15 47 61.5571 0.146162 4.81104 1.50846 10191
15 48 62.2348 0.196034 5.2173 1.09875 5767
15 49 62.4578 0.22125 4.8641 1.09092 5434
15 50 61.971 0.204527 4.89131 1.29818 6090
15 51 62.5859 0.153784 5.19696 1.05574 10239
15 52 61.3851 0.196557 4.68682 1.12983 6354
15 53 61.7595 0.144563 4.81839 1.18885 10946
15 54 62.4893 0.188217 4.95658 1.1631 6083
15 55 62.5515 0.198288 5.01408 1.13771 6449
15 56 62.1998 0.158375 4.7786 1.18505 9289
15 57 60.0274 0.154239 4.13464 1.08787 9822
15 58 62.1565 0.202987 4.73599 1.07299 5840
15 59 62.2425 0.183927 5.03892 1.19572 7009
15 60 62.4427 0.155139 4.90359 1.04587 9708
15 61 60.835 0.135767 4.73874 0.952445 11484
15 62 62.3616 0.181446 4.7937 1.37816 7580
15 63 60.7376 0.196976 4.7219 1.42281 6185
