#mip results dif_1_2_2
#chip channel mpv empv widthmpv chi2ndf nentries
0 0 0 0 0 0 0
0 1 0 0 0 0 0
0 2 0 0 0 0 0
0 3 0 0 0 0 0
0 4 0 0 0 0 0
0 5 0 0 0 0 0
0 6 0 0 0 0 0
0 7 0 0 0 0 0
0 8 0 0 0 0 0
0 9 0 0 0 0 0
0 10 0 0 0 0 0
0 11 0 0 0 0 0
0 12 0 0 0 0 0
0 13 0 0 0 0 0
0 14 0 0 0 0 0
0 15 0 0 0 0 0
0 16 0 0 0 0 0
0 17 0 0 0 0 0
0 18 0 0 0 0 0
0 19 0 0 0 0 0
0 20 62.3189 0.14964 5.34524 1.37137 11715
0 21 0 0 0 0 0
0 22 0 0 0 0 0
0 23 61.2012 0.144326 5.14656 1.00307 12787
0 24 0 0 0 0 0
0 25 59.3403 0.209095 4.94941 1.28903 5598
0 26 0 0 0 0 0
0 27 67.2714 0.171604 5.531 1.87655 10682
0 28 67.3337 0.177564 5.35837 1.44961 9947
0 29 62.5769 0.142723 5.55603 1.32404 13133
0 30 67.4878 0.161168 5.22899 1.26903 11882
0 31 60.2623 0.264573 5.03528 0.720977 4110
0 32 67.5153 0.21824 5.70097 0.885791 6562
0 33 67.5347 0.200128 5.80385 1.46577 7258
0 34 61.5183 0.122674 5.29682 1.74734 16120
0 35 61.2104 0.271407 5.03881 1.3417 3610
0 36 61.4939 0.176017 5.27049 1.135 7687
0 37 0 0 0 0 0
0 38 67.8908 0.295187 5.31999 0.91399 4073
0 39 61.5502 0.143075 4.81853 1.2419 11276
0 40 68.3846 0.188195 6.03638 0.909796 8739
0 41 61.7479 0.207656 5.38264 1.25684 5782
0 42 62.4279 0.183774 5.49712 0.907417 7863
0 43 67.7331 0.163008 5.7254 1.23968 10759
0 44 60.6707 0.192682 5.18933 0.922029 6269
0 45 68.1818 0.225906 5.50545 1.27773 6702
0 46 67.0807 0.134409 5.7446 1.1255 14911
0 47 65.4559 0.215449 5.78812 0.971198 5873
0 48 62.1603 0.189015 5.54043 1.10565 7223
0 49 0 0 0 0 0
0 50 0 0 0 0 0
0 51 68.3163 0.1479 5.58751 0.851262 13652
0 52 63.4502 0.16225 5.52092 1.10818 9998
0 53 61.8041 0.16701 5.26251 1.19153 9227
0 54 62.306 0.179646 5.28456 1.22483 7813
0 55 63.4901 0.157198 5.57161 1.01617 10094
0 56 68.3849 0.163316 5.61115 0.952384 11804
0 57 62.6441 0.144736 5.38839 1.19242 12521
0 58 63.5834 0.178744 5.29441 1.05306 8286
0 59 62.8666 0.133311 5.34728 1.25655 14323
0 60 62.5384 0.152358 5.30145 1.33166 10074
0 61 62.144 0.1244 5.51816 0.986284 16714
0 62 62.5177 0.137033 5.22588 1.15578 14024
0 63 61.5302 0.165575 5.07292 1.02169 9177
1 0 62.0515 0.127779 5.64161 1.30471 15763
1 1 62.0603 0.130931 5.25566 1.05837 14840
1 2 60.9761 0.134371 5.42252 1.16781 14550
1 3 62.2449 0.168908 5.4237 0.95626 10304
1 4 66.7545 0.186215 6.69934 1.53651 9804
1 5 66.9528 0.167891 6.10008 0.903035 10751
1 6 62.6661 0.137294 5.59875 1.13434 14436
1 7 62.0038 0.13057 5.24817 1.46718 15669
1 8 61.1573 0.157316 5.67522 1.08824 10642
1 9 65.4295 0.137036 5.73358 1.32143 14621
1 10 60.8434 0.126599 5.52347 1.18073 15578
1 11 60.5552 0.168894 5.8098 0.900869 9780
1 12 61.9262 0.159309 5.19495 0.920767 10184
1 13 61.6546 0.150165 5.75682 1.06163 12331
1 14 60.7548 0.152164 5.07476 1.26661 11765
1 15 60.8907 0.162115 5.53448 1.24964 10164
1 16 60.3878 0.119019 5.40245 1.28736 18905
1 17 61.0895 0.161533 5.49269 1.06575 10408
1 18 59.8215 0.16847 5.98463 1.87566 9726
1 19 60.5345 0.129465 5.46597 1.57262 15734
1 20 60.7091 0.157545 5.36933 2.07076 10805
1 21 62.4756 0.140558 5.40443 1.15339 14316
1 22 61.9012 0.143683 5.52586 1.35758 12657
1 23 64.7528 0.170677 5.98875 0.916105 10840
1 24 60.1987 0.160696 5.68958 0.868564 10402
1 25 59.2169 0.127596 5.35872 0.886033 16996
1 26 59.8292 0.146455 5.39845 1.17838 11849
1 27 65.0394 0.165384 5.58106 1.96408 11774
1 28 60.7279 0.142168 5.1504 1.10942 13103
1 29 59.9078 0.155336 5.45974 0.916649 10465
1 30 0 0 0 0 0
1 31 0 0 0 0 0
1 32 0 0 0 0 0
1 33 0 0 0 0 0
1 34 59.4113 0.139615 5.20249 1.3848 12545
1 35 0 0 0 0 0
1 36 0 0 0 0 0
1 37 0 0 0 0 0
1 38 0 0 0 0 0
1 39 0 0 0 0 0
1 40 0 0 0 0 0
1 41 0 0 0 0 0
1 42 0 0 0 0 0
1 43 0 0 0 0 0
1 44 0 0 0 0 0
1 45 0 0 0 0 0
1 46 0 0 0 0 0
1 47 0 0 0 0 0
1 48 0 0 0 0 0
1 49 0 0 0 0 0
1 50 0 0 0 0 0
1 51 0 0 0 0 0
1 52 0 0 0 0 0
1 53 0 0 0 0 0
1 54 0 0 0 0 0
1 55 0 0 0 0 0
1 56 0 0 0 0 0
1 57 0 0 0 0 0
1 58 0 0 0 0 0
1 59 0 0 0 0 0
1 60 0 0 0 0 0
1 61 0 0 0 0 0
1 62 0 0 0 0 0
1 63 0 0 0 0 0
2 0 62.0009 0.126284 5.20446 1.03486 15477
2 1 62.0704 0.152102 5.53884 1.55575 10326
2 2 61.8764 0.162371 5.43674 1.2759 9115
2 3 62.0821 0.197403 5.31535 0.931729 6333
2 4 65.2469 0.20131 5.59388 0.972348 6514
2 5 61.21 0.196025 5.39431 1.01628 6912
2 6 66.9367 0.185707 5.64908 1.05086 8440
2 7 58.5931 0.287913 5.74035 0.783277 3448
2 8 62.4591 0.17939 5.44798 1.17112 8019
2 9 66.9784 0.194152 5.80163 1.18799 7470
2 10 66.3371 0.208529 5.80455 1.16046 6622
2 11 61.0295 0.189985 5.57526 1.23456 7026
2 12 61.9566 0.182885 5.07792 1.1004 7215
2 13 60.7732 0.236664 5.4171 0.965423 4865
2 14 61.5461 0.134933 5.32931 1.25419 13554
2 15 60.8099 0.215818 5.45251 1.13764 5345
2 16 60.1099 0.246078 5.46843 1.29882 4158
2 17 61.4635 0.178883 5.40235 1.18514 8404
2 18 67.6095 0.227582 6.22499 0.926794 6164
2 19 60.2305 0.279462 5.37981 0.921014 3275
2 20 61.4967 0.195825 5.45903 1.28865 6766
2 21 61.7588 0.182291 5.49013 1.04668 7972
2 22 60.8137 0.21443 5.85992 1.13465 5618
2 23 61.2908 0.190224 5.95416 1.10816 7389
2 24 61.6845 0.168012 5.19958 0.907713 9547
2 25 67.7149 0.121645 0.512133 5.54427 3433
2 26 61.4522 0.135408 4.96046 1.44642 12788
2 27 61.6765 0.209217 5.1064 1.3014 5703
2 28 61.493 0.226321 5.64089 1.22486 5018
2 29 61.5751 0.172211 5.33717 1.07805 8997
2 30 61.4068 0.206539 5.48586 1.47461 6104
2 31 60.3246 0.297419 5.23526 1.2597 3483
2 32 61.5545 0.210758 4.95038 1.60985 5417
2 33 61.4068 0.200678 5.38254 1.22244 6242
2 34 60.6989 0.131837 5.0203 0.793774 14092
2 35 67.2073 0.316955 6.4115 1.0951 3373
2 36 61.9709 0.198315 5.73143 1.11082 6801
2 37 0 0 0 0 0
2 38 63.7875 0.257059 5.80005 1.04539 4199
2 39 61.2507 0.154718 4.93623 1.2913 10761
2 40 62.1614 0.200581 5.65479 1.20019 6932
2 41 63.2309 0.233061 5.48591 0.931426 5391
2 42 67.1872 0.208729 6.21569 0.970818 6984
2 43 66.4862 0.175702 6.30688 0.896396 9800
2 44 59.8992 0.204399 5.27018 1.1152 5815
2 45 63.7204 0.221928 5.28473 0.857901 6039
2 46 61.3868 0.130176 5.35684 1.33101 14576
2 47 60.8921 0.214168 5.33847 1.02555 5290
2 48 63.0786 0.200477 5.79726 0.894953 6760
2 49 66.884 0.20612 6.45353 1.45716 7954
2 50 0 0 0 0 0
2 51 61.4695 0.137657 5.08156 0.771754 13144
2 52 62.6571 0.174557 6.01768 1.03361 8976
2 53 60.3973 0.163379 5.34386 1.67569 8828
2 54 63.5684 0.189115 5.6807 1.30192 7429
2 55 66.1933 0.175577 5.90989 1.62277 9674
2 56 62.0547 0.15667 5.44109 0.873281 10469
2 57 62.0688 0.140508 5.09645 0.895764 12645
2 58 61.8943 0.184797 5.60826 0.720781 7847
2 59 63.1549 0.13971 5.44272 1.08092 13490
2 60 61.7463 0.162495 5.17302 1.4748 10138
2 61 61.4728 0.118965 5.09181 1.3441 18065
2 62 61.9649 0.137973 5.81905 1.21705 14015
2 63 62.3524 0.175292 5.88079 1.29547 8684
3 0 68.3736 0.141967 5.74993 1.29573 14445
3 1 63.5931 0.132597 5.16838 1.17834 14286
3 2 68.0819 0.151511 6.00682 1.45187 13706
3 3 67.575 0.18103 6.25566 1.44316 9310
3 4 65.2152 0.199728 6.17436 1.50494 7956
3 5 65.911 0.17919 5.79715 0.97059 9101
3 6 67.5081 0.149621 5.59768 1.00588 12568
3 7 68.3988 0.137555 5.96108 1.24021 15619
3 8 68.5108 0.179129 6.18044 0.83749 9508
3 9 68.3379 0.153919 6.04512 1.4756 13002
3 10 67.571 0.134641 5.63678 1.24714 15872
3 11 65.3874 0.193931 6.38667 1.10622 8219
3 12 62.1171 0.172163 5.37422 1.31116 8897
3 13 65.5392 0.17251 6.1735 1.05269 10332
3 14 0 0 0 0 0
3 15 65.2281 0.190073 5.92337 1.20075 8308
3 16 64.544 0.11978 5.87119 1.71545 20177
3 17 63.6659 0.172825 5.79753 1.16879 8762
3 18 66.6303 0.204656 6.49563 1.43879 7756
3 19 68.603 0.148104 5.62242 0.988129 13903
3 20 69.2283 0.201823 6.53501 1.45806 8256
3 21 68.8191 0.158625 6.08745 1.21423 12561
3 22 68.8452 0.167788 6.14155 0.949383 11391
3 23 68.1366 0.19017 6.2414 1.23467 8898
3 24 68.7193 0.185909 5.71952 0.728035 9489
3 25 63.5989 0.136389 5.73453 1.31517 14606
3 26 68.9103 0.17189 6.06736 0.973815 10455
3 27 69.898 0.199075 7.7722 1.56112 8633
3 28 65.1717 0.15449 5.82418 1.16879 10664
3 29 63.773 0.178093 5.9315 0.999727 8983
3 30 64.8963 0.1871 6.02634 1.46831 7945
3 31 64.7377 0.14424 5.62814 1.33049 13376
3 32 64.2031 0.165715 6.02132 0.992956 10055
3 33 65.8048 0.195416 5.96542 1.07469 7814
3 34 68.5252 0.161952 5.64385 1.31106 11040
3 35 68.4942 0.151382 6.03138 1.08964 13286
3 36 64.8803 0.194916 6.10676 1.08502 7661
3 37 0 0 0 0 0
3 38 68.1998 0.146982 5.89888 1.13712 14146
3 39 64.5131 0.17982 5.9537 0.995192 9401
3 40 0 0 0 0 0
3 41 63.9483 0.177766 6.09352 0.966339 9289
3 42 64.7199 0.195979 7.24382 1.94343 7659
3 43 63.7994 0.176695 5.8255 1.28665 8461
3 44 67.6624 0.177691 5.84065 1.23384 10756
3 45 64.8314 0.196912 6.21344 1.13643 7675
3 46 62.8507 0.158908 5.09371 0.914082 10554
3 47 63.4343 0.12674 5.81728 0.922694 16358
3 48 64.3693 0.196661 6.19281 1.27575 7343
3 49 69.3885 0.20813 5.8866 0.960776 7907
3 50 64.8369 0.179243 5.9391 1.21952 8689
3 51 68.1981 0.17108 5.92637 1.26084 10668
3 52 69.1181 0.194163 6.14052 1.56809 8260
3 53 64.632 0.147319 6.03751 1.17593 12375
3 54 65.4266 0.176244 5.42754 0.913539 8438
3 55 63.8564 0.179799 5.46022 1.20221 9003
3 56 64.8125 0.166237 5.75939 0.764499 9773
3 57 64.229 0.159617 5.62556 0.993818 10017
3 58 67.9001 0.197993 6.27844 1.52087 8440
3 59 62.6428 0.158641 5.32069 1.38966 9921
3 60 64.813 0.169908 6.05444 1.4531 9844
3 61 63.2066 0.142853 5.24529 1.1944 12023
3 62 63.0649 0.159281 5.54169 1.01825 10264
3 63 64.1659 0.177125 5.21175 1.1593 9078
4 0 0 0 0 0 0
4 1 0 0 0 0 0
4 2 0 0 0 0 0
4 3 0 0 0 0 0
4 4 0 0 0 0 0
4 5 0 0 0 0 0
4 6 0 0 0 0 0
4 7 0 0 0 0 0
4 8 0 0 0 0 0
4 9 0 0 0 0 0
4 10 0 0 0 0 0
4 11 0 0 0 0 0
4 12 0 0 0 0 0
4 13 0 0 0 0 0
4 14 0 0 0 0 0
4 15 0 0 0 0 0
4 16 0 0 0 0 0
4 17 0 0 0 0 0
4 18 0 0 0 0 0
4 19 0 0 0 0 0
4 20 0 0 0 0 0
4 21 0 0 0 0 0
4 22 0 0 0 0 0
4 23 0 0 0 0 0
4 24 0 0 0 0 0
4 25 0 0 0 0 0
4 26 0 0 0 0 0
4 27 0 0 0 0 0
4 28 0 0 0 0 0
4 29 0 0 0 0 0
4 30 0 0 0 0 0
4 31 0 0 0 0 0
4 32 0 0 0 0 0
4 33 0 0 0 0 0
4 34 0 0 0 0 0
4 35 0 0 0 0 0
4 36 0 0 0 0 0
4 37 0 0 0 0 0
4 38 0 0 0 0 0
4 39 0 0 0 0 0
4 40 0 0 0 0 0
4 41 0 0 0 0 0
4 42 0 0 0 0 0
4 43 0 0 0 0 0
4 44 0 0 0 0 0
4 45 0 0 0 0 0
4 46 0 0 0 0 0
4 47 0 0 0 0 0
4 48 0 0 0 0 0
4 49 0 0 0 0 0
4 50 0 0 0 0 0
4 51 0 0 0 0 0
4 52 0 0 0 0 0
4 53 0 0 0 0 0
4 54 0 0 0 0 0
4 55 0 0 0 0 0
4 56 0 0 0 0 0
4 57 0 0 0 0 0
4 58 0 0 0 0 0
4 59 0 0 0 0 0
4 60 0 0 0 0 0
4 61 0 0 0 0 0
4 62 0 0 0 0 0
4 63 0 0 0 0 0
5 0 62.9262 0.140681 5.32334 0.752305 12833
5 1 62.7987 0.153326 5.40908 1.24529 10996
5 2 62.4432 0.15641 5.72185 1.40787 10669
5 3 66.3963 0.159726 5.90216 1.26989 10792
5 4 64.4069 0.195444 7.34186 1.82507 8121
5 5 63.0745 0.165591 5.66257 1.23197 9775
5 6 62.8277 0.157519 5.52055 1.6205 10443
5 7 62.7475 0.128032 5.33133 1.07947 16702
5 8 63.615 0.150059 5.37252 1.36022 10881
5 9 63.5966 0.15351 5.66235 1.1234 11153
5 10 64.1569 0.13992 5.41948 1.38297 12875
5 11 62.188 0.187802 6.0488 1.27017 8173
5 12 66.0472 0.174626 6.28771 1.01521 10237
5 13 64.2577 0.163756 5.76804 1.54814 10545
5 14 63.2646 0.145584 5.20188 1.26413 12235
5 15 64.6159 0.188248 6.09932 1.18512 8470
5 16 63.3593 0.12745 5.28858 1.35146 16473
5 17 63.3606 0.180127 6.11415 0.886896 8632
5 18 64.3345 0.186131 5.72991 1.40317 8068
5 19 66.1345 0.144997 5.5207 1.34759 14202
5 20 63.8033 0.183628 5.6028 1.40471 8095
5 21 64.1969 0.16005 5.54952 1.19165 10470
5 22 63.7731 0.140809 5.30949 1.50736 12977
5 23 61.7901 0.178393 5.86852 1.10776 8317
5 24 62.4126 0.151602 5.51533 1.22014 10631
5 25 0 0 0 0 0
5 26 62.9168 0.152875 5.51827 0.945031 10887
5 27 63.1599 0.172814 5.44954 1.45733 8381
5 28 64.1354 0.162294 5.75198 1.37868 10288
5 29 63.0809 0.178297 5.75234 1.51709 8748
5 30 67.7324 0.200267 6.0959 1.4096 8097
5 31 61.7821 0.12662 5.06854 1.90708 15563
5 32 63.4389 0.148024 5.43166 1.13063 11563
5 33 64.049 0.175371 5.94558 1.10739 8797
5 34 62.4987 0.148869 5.20814 1.40968 10451
5 35 63.2415 0.128944 4.92166 1.19532 15111
5 36 63.4393 0.18217 6.01358 1.18734 8394
5 37 0 0 0 0 0
5 38 66.0154 0.133022 5.78399 1.63459 16157
5 39 66.4778 0.158727 5.70747 1.43295 12265
5 40 63.2153 0.175525 5.85624 1.19559 8809
5 41 63.5369 0.154689 5.40743 0.819318 11043
5 42 63.326 0.180534 5.78387 1.10675 8477
5 43 66.4101 0.172928 5.71613 1.13728 9454
5 44 63.9225 0.14776 5.72279 1.12051 12319
5 45 63.4291 0.161284 5.38111 1.77199 9001
5 46 63.1174 0.147273 5.24491 1.04248 11474
5 47 62.9685 0.118212 5.21469 1.65037 18811
5 48 64.2226 0.177564 5.80052 1.28583 8773
5 49 63.7524 0.175425 5.82271 0.966525 9003
5 50 67.0099 0.171196 6.1519 1.19639 10191
5 51 66.2212 0.144798 5.781 1.14057 13258
5 52 66.8398 0.169784 5.79539 1.65742 9604
5 53 65.713 0.131127 5.56104 1.23374 15520
5 54 63.8338 0.163962 5.49426 0.775018 9983
5 55 63.9106 0.164134 5.53924 1.37453 10035
5 56 62.3199 0.142244 5.32045 1.03986 12336
5 57 66.0132 0.150295 5.5648 1.34775 13283
5 58 63.4414 0.165903 5.78557 1.0564 9835
5 59 62.179 0.152331 5.25865 1.51566 11087
5 60 62.8 0.141311 5.39771 1.34358 12869
5 61 65.7544 0.144032 5.0734 1.39307 13778
5 62 62.7899 0.14346 5.19549 1.26665 11872
5 63 62.3358 0.159106 5.23019 1.19959 10198
6 0 65.432 0.123038 5.37031 1.07517 17323
6 1 65.5062 0.136214 5.63173 1.28783 13679
6 2 64.1407 0.138545 5.05953 1.11852 12885
6 3 69.3781 0.2151 5.52827 0.772244 6842
6 4 69.5756 0.201494 6.08303 1.34967 7502
6 5 50.0597 0.152976 4.43439 0.933677 8061
6 6 64.1122 0.154976 5.35986 0.959987 11338
6 7 63.7159 0.258806 5.66494 1.03941 4052
6 8 63.004 0.169716 5.56373 1.19631 8979
6 9 68.822 0.16812 6.04505 1.57305 10069
6 10 68.0474 0.188083 5.40415 0.959281 9058
6 11 63.8412 0.182633 5.67004 1.08776 8494
6 12 65.0152 0.184309 5.59072 1.43815 7752
6 13 64.1392 0.221265 5.16622 0.948618 5834
6 14 64.7104 0.136724 5.68684 0.990073 14645
6 15 65.3793 0.211956 5.57785 1.05435 6476
6 16 62.8352 0.232419 6.01963 0.960271 5343
6 17 63.7933 0.168539 5.80057 1.31759 9636
6 18 65.7911 0.200055 5.55724 1.03641 7066
6 19 0 0 0 0 0
6 20 66.2437 0.22096 6.24689 1.02326 6636
6 21 69.1878 0.160091 5.69416 1.24017 10955
6 22 67.9333 0.213722 5.61666 1.42217 6032
6 23 69.3977 0.202828 5.7108 1.04946 7591
6 24 64.7656 0.16869 5.75754 1.16809 10154
6 25 70.5469 0.313177 6.51297 1.03041 3311
6 26 65.581 0.133201 5.3992 1.3243 14763
6 27 65.2563 0.230419 5.76489 1.21386 5645
6 28 65.9717 0.243112 5.7891 0.964768 4875
6 29 64.1177 0.17331 5.20566 1.02276 8516
6 30 65.4095 0.225128 6.16282 1.02567 6208
6 31 62.9502 0.286125 5.65323 1.18099 3176
6 32 70.1917 0.266269 6.01965 1.30383 4602
6 33 64.4429 0.232569 6.04685 0.85568 4993
6 34 0 0 0 0 0
6 35 66.0529 0.300151 6.33518 0.826062 3250
6 36 69.4494 0.249789 6.71782 0.880934 5555
6 37 0 0 0 0 0
6 38 64.966 0.312288 4.87042 1.00931 3114
6 39 68.665 0.241519 6.12191 1.49243 5156
6 40 63.6198 0.219129 6.06679 1.0762 6161
6 41 69.4912 0.237061 5.68938 0.896018 5378
6 42 65.1323 0.218102 5.70446 1.17199 6402
6 43 65.5897 0.181147 5.60237 0.843835 8064
6 44 69.0121 0.248681 5.92221 1.04568 5132
6 45 65.6302 0.213116 5.50682 1.23359 5738
6 46 68.9056 0.153973 5.75465 0.913399 12575
6 47 64.2269 0.345345 5.8094 0.714483 2690
6 48 65.4571 0.200909 5.6557 1.167 6435
6 49 64.4956 0.190346 5.59965 1.13671 7675
6 50 65.0638 0.210153 5.59648 1.07682 5688
6 51 65.8225 0.20408 5.98399 0.953972 6902
6 52 65.2743 0.173921 5.69283 1.22646 8893
6 53 63.6926 0.258871 5.69028 1.01265 4123
6 54 65.6059 0.203959 5.58292 1.24839 6518
6 55 64.5872 0.175646 5.40244 1.17336 8720
6 56 65.6407 0.230255 6.07517 1.00102 5213
6 57 64.7885 0.2334 5.2394 1.53943 6013
6 58 65.9645 0.214634 5.94635 1.09691 6340
6 59 65.3308 0.14226 5.47506 1.30469 13625
6 60 69.3367 0.261578 5.71783 1.11083 4678
6 61 64.3277 0.170372 5.95224 1.03497 10028
6 62 66.3024 0.14876 5.94434 1.17335 13025
6 63 68.7953 0.196069 5.83729 1.23852 7623
7 0 65.8803 0.187803 6.07004 0.928022 8409
7 1 68.1048 0.215504 5.91641 1.32242 6999
7 2 65.4852 0.207929 5.89234 0.947829 6785
7 3 0 0 0 0 0
7 4 66.1705 0.187234 5.97013 1.19949 8298
7 5 65.5668 0.197123 5.38354 1.2666 8060
7 6 65.8573 0.216214 5.99649 1.09279 6690
7 7 65.2517 0.143518 5.49812 1.00084 14414
7 8 68.0064 0.196584 6.02625 1.35804 8475
7 9 0 0 0 0 0
7 10 0 0 0 0 0
7 11 66.6674 0.187142 6.06394 1.42726 8677
7 12 68.4518 0.19038 5.80479 1.13778 8825
7 13 65.2735 0.158474 5.71047 1.14909 11225
7 14 65.2784 0.170411 5.79671 1.27205 10046
7 15 65.7099 0.180947 6.0204 1.16485 9172
7 16 66.4366 0.164809 5.18624 1.39013 11117
7 17 65.7033 0.189034 6.04177 1.13807 8570
7 18 68.9157 0.194022 6.37974 0.998475 8691
7 19 68.1269 0.14304 5.78197 1.48846 14913
7 20 66.5542 0.20261 6.4149 1.24833 7489
7 21 65.6955 0.205659 5.57334 1.26046 7103
7 22 66.1754 0.160942 5.74112 0.927348 11206
7 23 65.6733 0.201074 6.14724 0.979737 7611
7 24 66.2227 0.184854 5.87782 1.12835 8432
7 25 68.6647 0.154533 6.02461 1.32678 12825
7 26 65.7907 0.162893 5.99478 0.884371 10784
7 27 66.5831 0.198667 6.14894 1.07558 7899
7 28 68.2643 0.173254 6.03544 0.957507 9644
7 29 65.1005 0.183762 5.62222 0.960073 7818
7 30 70.1182 0.220839 6.83818 1.0111 7381
7 31 65.94 0.148382 5.82839 1.19685 12965
7 32 65.795 0.164279 5.75027 1.10924 10100
7 33 69.9003 0.193859 5.88571 1.35351 8419
7 34 65.8043 0.170088 5.6316 0.990856 9721
7 35 64.858 0.13634 5.54908 1.07961 14343
7 36 66.5308 0.215945 6.48727 1.23222 7438
7 37 0 0 0 0 0
7 38 65.8797 0.14219 5.43429 0.979648 14605
7 39 66.4342 0.14472 5.51143 1.3229 13707
7 40 0 0 0 0 0
7 41 67.342 0.154869 5.50793 1.25431 11622
7 42 69.5368 0.192683 6.46077 1.00496 8936
7 43 65.3783 0.172084 5.25297 1.45503 8750
7 44 66.5979 0.161038 5.53612 1.22479 11900
7 45 66.9977 0.181457 5.93489 1.36416 8875
7 46 66.2963 0.169167 5.66893 1.30318 10246
7 47 68.6654 0.127996 5.69662 1.42501 18430
7 48 67.6124 0.189616 6.22302 0.936411 8689
7 49 66.7825 0.178593 5.90903 1.38822 9545
7 50 66.9374 0.171465 5.93326 1.15971 9569
7 51 65.8015 0.140561 5.6409 1.13042 14353
7 52 66.9285 0.172072 5.70497 0.62046 9972
7 53 66.3363 0.131693 5.47231 1.41538 15988
7 54 67.5428 0.175666 5.84188 1.13315 9720
7 55 66.377 0.168571 5.96667 1.27781 10212
7 56 66.6894 0.147295 5.4578 0.993122 13613
7 57 66.1791 0.144414 5.57166 1.08879 13973
7 58 68.9377 0.177647 6.00657 0.905739 9858
7 59 65.7408 0.150542 5.47261 1.08799 11917
7 60 66.1796 0.138802 5.82176 1.22374 13724
7 61 75.2286 0.0448652 0.113619 36.4572 14990
7 62 68.9077 0.160789 5.92637 1.03635 12208
7 63 66.6479 0.170785 5.56459 0.846054 10167
8 0 66.1423 0.194777 5.76617 1.21292 7548
8 1 67.0636 0.215748 5.66615 1.44727 6580
8 2 62.5907 0.207701 5.52989 1.10111 6120
8 3 63.1088 0.180277 5.23227 1.23541 8008
8 4 67.3414 0.202446 5.57687 1.05184 7057
8 5 0 0 0 0 0
8 6 66.7964 0.233343 5.49825 1.33954 5624
8 7 62.5466 0.157244 5.24694 1.09978 10002
8 8 63.3519 0.184355 5.78777 1.29098 8049
8 9 64.1533 0.222521 5.54798 1.45355 5910
8 10 62.9183 0.196598 5.29898 1.13276 6816
8 11 67.4926 0.193777 5.96542 0.931612 7746
8 12 62.8875 0.191696 5.93603 0.849474 7265
8 13 62.5276 0.171683 5.31303 0.943613 8562
8 14 62.8379 0.160163 5.25437 1.06065 10091
8 15 62.7834 0.193595 5.72466 0.850224 7334
8 16 65.8599 0.196199 5.23341 1.22757 7441
8 17 73.4968 134.478 13.0352 15.9667 8199
8 18 63.3022 0.196038 5.48445 1.25625 7078
8 19 62.623 0.172063 5.65885 1.03663 9147
8 20 62.4599 0.210888 5.66883 1.36981 6363
8 21 62.2134 0.218037 5.96096 0.965562 5629
8 22 67.7511 0.180514 5.84561 1.38782 9300
8 23 62.9226 0.200821 5.66952 1.13126 7296
8 24 67.7055 0.179851 5.68511 1.35805 8783
8 25 61.5389 0.173394 5.40657 1.02464 8433
8 26 63.6632 0.16885 5.27741 1.13872 9449
8 27 63.5842 0.18849 5.86917 1.13654 7298
8 28 62.1343 0.175945 5.00637 1.23732 7778
8 29 62.2243 0.180666 5.33237 0.93635 8071
8 30 62.8833 0.195601 5.59395 0.973045 6580
8 31 62.0645 0.164032 5.5004 1.33282 9740
8 32 62.7613 0.164879 5.34053 1.24368 9341
8 33 61.3005 0.175626 5.43957 1.46275 8264
8 34 61.8793 0.172059 5.29475 1.32248 8955
8 35 68.3011 0.0785834 0.476011 10.1885 10819
8 36 62.319 0.192188 5.97936 0.902639 7611
8 37 0 0 0 0 0
8 38 63.2311 0.160443 5.25034 0.910751 11306
8 39 62.7473 0.142615 5.36701 1.18353 13055
8 40 63.3453 0.186764 5.78641 0.815766 7839
8 41 62.6408 0.155621 5.32714 1.07833 10002
8 42 63.8897 0.178057 5.67594 1.46228 8415
8 43 62.7419 0.164755 5.60265 1.26217 9515
8 44 62.191 0.15768 5.64138 0.829043 10444
8 45 63.6882 0.17382 6.02894 1.15592 8780
8 46 62.2962 0.155909 5.50663 0.715895 10880
8 47 61.1927 0.127591 4.75069 1.55481 15822
8 48 63.5335 0.178486 5.72856 1.1585 8438
8 49 62.8026 0.174156 6.17627 1.16516 9121
8 50 61.5473 0.160092 5.19658 1.02947 9943
8 51 62.6854 0.124202 5.2227 1.03729 16360
8 52 62.6072 0.153939 5.1903 1.08031 10373
8 53 62.8001 0.128243 5.46621 1.41843 15292
8 54 62.821 0.167237 5.31852 1.36929 9259
8 55 62.2034 0.147967 5.51261 1.00056 11327
8 56 62.8167 0.13718 5.20363 1.06258 12828
8 57 66.3912 0.143439 6.13562 1.07453 14571
8 58 62.8647 0.169456 5.50908 1.05962 9160
8 59 62.1428 0.148431 5.3713 1.04055 11979
8 60 62.5086 0.134198 5.24023 0.964957 14178
8 61 62.0803 0.119325 5.30572 1.22506 17495
8 62 62.1915 0.14687 5.53232 0.943996 12390
8 63 62.9266 0.158136 5.49103 1.01769 10325
9 0 61.9725 0.124116 5.18311 1.42557 16744
9 1 60.8682 0.131429 5.48661 1.04128 14369
9 2 60.7087 0.147735 5.33627 1.09187 11678
9 3 60.9796 0.149338 5.32571 1.03842 12672
9 4 61.0634 0.189722 5.93853 1.07945 8061
9 5 67.0342 132.145 11.8128 20.6637 8475
9 6 65.3516 0.160034 5.73441 1.12549 11476
9 7 60.1656 0.134041 5.38859 1.16505 14710
9 8 61.1175 0.185608 5.82034 0.824398 8600
9 9 59.8397 0.119352 5.38945 0.955645 19101
9 10 59.8954 0.106533 5.05447 1.39366 23208
9 11 60.0245 0.183884 5.57512 1.25314 8099
9 12 64.6421 0.173513 6.1704 1.3928 10172
9 13 64.1795 0.146427 5.83023 1.15653 13788
9 14 59.0814 0.146922 5.40564 1.08659 12091
9 15 0 0 0 0 0
9 16 63.8468 0.112882 5.77461 1.17352 22906
9 17 59.3233 0.1662 5.22153 1.23094 10703
9 18 64.7116 0.185835 6.24056 1.0013 9023
9 19 57.261 0.143276 5.00725 1.01199 13762
9 20 59.738 0.20103 6.10099 1.08804 7509
9 21 64.1621 0.145229 6.27682 1.34081 14186
9 22 59.1727 0.134214 5.56531 0.924116 14831
9 23 63.9372 0.206605 6.51739 1.24134 7895
9 24 59.9463 0.157784 5.84295 1.48491 10979
9 25 58.4793 0.150652 5.32566 1.3473 11715
9 26 58.0749 0.150777 5.47375 0.963191 11567
9 27 64.146 0.173183 5.9249 1.05321 9668
9 28 58.2257 0.153969 5.38597 1.04063 11414
9 29 64.1704 0.175989 5.96116 1.25446 9914
9 30 64.8786 0.206148 6.29651 0.953437 8313
9 31 58.3955 0.226406 5.16427 1.22533 5531
9 32 59.6952 0.217196 5.81921 0.961104 5874
9 33 59.6483 0.203859 5.52482 1.414 6221
9 34 58.688 0.147465 5.42892 1.13103 11677
9 35 60.1569 0.338069 5.72918 1.28409 2876
9 36 59.8557 0.209815 6.19253 1.18212 6971
9 37 0 0 0 0 0
9 38 62.1766 0.45739 7.41249 0.718527 1983
9 39 59.3158 0.227112 5.45794 0.876295 5498
9 40 59.6901 0.208045 5.41757 1.43281 7255
9 41 0 0 0 0 0
9 42 0 0 0 0 0
9 43 0 0 0 0 0
9 44 0 0 0 0 0
9 45 0 0 0 0 0
9 46 0 0 0 0 0
9 47 0 0 0 0 0
9 48 0 0 0 0 0
9 49 0 0 0 0 0
9 50 0 0 0 0 0
9 51 0 0 0 0 0
9 52 0 0 0 0 0
9 53 0 0 0 0 0
9 54 66.6664 0.202268 5.98524 1.37957 7721
9 55 66.4914 0.166659 5.66657 1.37525 11583
9 56 62.2721 0.222454 5.55339 1.0255 6106
9 57 63.2307 0.214029 5.17523 1.41367 6896
9 58 62.4948 0.173724 5.45609 1.23112 8685
9 59 66.229 0.164135 5.13347 1.08843 11480
9 60 68.0798 0.332091 5.68278 1.16725 3120
9 61 61.8462 0.169269 5.45922 1.05555 8840
9 62 66.2372 0.148488 5.52246 1.14554 12708
9 63 66.6007 0.179584 5.37586 1.21582 8900
10 0 66.1639 0.144915 5.77673 1.5441 14458
10 1 66.073 0.146432 5.59339 1.29682 13070
10 2 65.517 0.160678 5.70647 0.845743 11332
10 3 65.6605 0.191652 7.8359 1.93419 9346
10 4 66.6391 0.19413 6.11341 1.39462 8217
10 5 66.3782 0.18473 5.99589 0.916503 9135
10 6 65.2074 0.166817 6.00667 1.48976 10523
10 7 64.8509 0.159203 5.76969 0.974117 11947
10 8 65.6597 0.174625 5.94908 1.42437 10176
10 9 66.2363 0.161359 5.9045 0.928683 11045
10 10 66.4125 0.15341 6.02793 0.958898 12639
10 11 65.6316 0.180629 5.91598 1.3772 9175
10 12 66.8109 0.191402 5.90556 1.073 9038
10 13 65.29 0.17474 5.8233 1.34962 9460
10 14 66.099 0.1527 5.83087 0.814052 12614
10 15 71.4483 0.193534 6.51506 1.01051 9032
10 16 65.3698 0.150407 5.82351 1.47185 12972
10 17 64.8653 0.170433 5.82885 1.12155 10135
10 18 66.6645 0.204093 5.98948 1.26215 8011
10 19 71.2775 0.184467 6.34338 0.895567 10120
10 20 74.9523 0.0868133 0.511862 9.50743 8670
10 21 65.8803 0.166133 5.8158 1.00059 10798
10 22 66.2718 0.160389 5.93423 1.35816 11279
10 23 66.9849 0.18116 6.44024 1.28651 9758
10 24 66.7164 0.163838 5.9555 1.13572 11116
10 25 64.2343 0.166228 6.27657 1.68311 10504
10 26 66.5604 0.162263 5.73898 1.40085 11349
10 27 66.8022 0.182371 6.34254 1.40944 8827
10 28 66.7764 0.178547 6.38361 1.072 9869
10 29 65.6707 0.162604 5.77478 0.888995 10605
10 30 66.9671 0.19232 6.40239 1.15304 8255
10 31 70.4344 0.174392 6.23739 1.36473 11399
10 32 66.7388 0.162434 5.97144 0.924213 10802
10 33 66.0667 0.171524 5.5921 1.33649 9440
10 34 65.743 0.152065 5.65669 1.28603 12377
10 35 66.7476 0.17277 6.02444 1.22051 10951
10 36 66.9307 0.183936 5.917 1.21884 9190
10 37 0 0 0 0 0
10 38 67.7689 0.163987 6.49816 1.0011 11937
10 39 67.5638 0.143541 5.63005 1.26163 14633
10 40 66.0247 0.188878 6.47257 1.61042 8856
10 41 67.6537 0.170969 6.18115 1.15024 10327
10 42 66.5948 0.190027 6.37596 1.29467 8663
10 43 66.3093 0.15996 6.09468 1.52051 12010
10 44 68.8364 0.170839 6.23462 1.47714 11423
10 45 68.767 0.181776 5.97472 1.12854 9620
10 46 65.5159 0.145067 5.68298 1.15004 13356
10 47 70.4621 0.13615 5.74658 1.18428 17455
10 48 68.2776 0.191303 6.556 0.982386 8786
10 49 68.4833 0.172094 6.01752 1.3292 10389
10 50 0 0 0 0 0
10 51 67.2656 0.126228 5.87841 1.56133 19086
10 52 67.0013 0.171554 6.49129 0.998244 11008
10 53 71.2473 0.13743 5.74031 0.939403 17140
10 54 60.7325 0.157391 5.47184 1.47622 10088
10 55 70.9628 0.157137 6.24865 0.914018 13650
10 56 66.6452 0.140574 5.43657 1.48354 14601
10 57 66.3056 0.132264 5.7922 1.24732 16401
10 58 67.985 0.17238 5.99624 1.18578 10032
10 59 69.1913 0.151273 6.29412 0.983449 13215
10 60 66.3852 0.140261 5.51886 1.72825 14637
10 61 65.5073 0.111563 5.04356 1.17067 22429
10 62 68.3673 0.144502 5.60608 1.19605 14420
10 63 67.6182 0.165249 6.10844 1.04985 11706
11 0 61.7576 0.110885 5.03776 1.19161 19312
11 1 62.2208 0.124489 5.1599 1.17629 15582
11 2 61.5425 0.152466 5.62945 1.66285 11703
11 3 63.1772 0.188066 5.62679 1.32006 7730
11 4 60.5384 0.196466 6.01772 1.36252 7075
11 5 66.5875 0.200025 6.03503 1.03585 7660
11 6 61.8239 0.160066 5.7775 1.40879 10735
11 7 61.4162 0.194757 5.77088 1.22747 7379
11 8 0 0 0 0 0
11 9 61.1735 0.162195 5.28395 1.41222 9857
11 10 63.9922 0.164694 5.60091 1.02794 10820
11 11 66.6513 0.209922 6.67467 1.15817 7513
11 12 63.2852 0.182928 5.49806 1.60354 7763
11 13 61.1659 0.199431 6.12822 1.43734 7070
11 14 62.9829 0.145301 5.36074 1.16129 12887
11 15 61.3224 0.195212 5.44699 1.37894 6796
11 16 60.7476 0.163028 5.65386 0.933378 10627
11 17 59.1209 0.154701 5.45086 1.38719 10093
11 18 60.4196 0.192547 5.79542 1.34209 6949
11 19 57.4541 0.198353 5.85408 1.18559 6750
11 20 61.7278 0.200018 5.63118 1.37218 7272
11 21 61.8615 0.152768 5.36109 1.02573 10849
11 22 66.9921 0.199356 5.71382 1.30498 7625
11 23 63.7818 0.198708 5.8006 1.21506 7738
11 24 66.4437 0.161064 5.9615 1.34967 11002
11 25 59.9015 0.191137 5.35029 1.41896 7330
11 26 54.9522 0.131833 4.86994 1.16087 11850
11 27 60.9704 0.197059 5.58947 1.39499 7166
11 28 61.0488 0.187051 5.52575 0.988349 7487
11 29 62.9016 0.163387 5.63677 0.860534 10555
11 30 61.7458 0.185405 5.48799 1.46229 7423
11 31 66.668 0.20787 5.98764 1.33951 7444
11 32 67.2478 0.196838 5.99495 1.23006 7725
11 33 66.8386 0.213594 7.56327 1.32014 7212
11 34 66.2805 0.156528 5.526 1.52307 12722
11 35 60.1165 0.162531 4.95901 1.60373 9408
11 36 62.5492 0.20575 6.00538 1.15264 7010
11 37 0 0 0 0 0
11 38 66.1575 0.155102 5.46974 1.09619 12513
11 39 65.3604 0.163211 5.63652 1.09451 10384
11 40 0 0 0 0 0
11 41 66.8236 0.169751 5.81295 1.26255 9756
11 42 66.7148 0.209688 6.14736 1.05966 6853
11 43 66.8489 0.190559 5.89904 1.09858 9317
11 44 62.0387 0.139372 5.26359 0.922373 12420
11 45 62.3039 0.183126 5.77659 1.16338 8068
11 46 65.9233 0.163461 6.09992 0.962485 11275
11 47 60.3217 0.125414 5.10348 1.36363 15331
11 48 62.5253 0.194164 5.90712 0.879922 7273
11 49 62.4504 0.201072 5.82461 0.905 7117
11 50 66.8507 0.166762 5.77457 1.18549 10278
11 51 62.0302 0.149268 5.41241 0.865906 11181
11 52 61.8215 0.177137 5.56011 0.965785 8850
11 53 60.557 0.12604 5.35739 1.1454 15428
11 54 66.9325 0.185327 5.55799 1.09757 8703
11 55 61.2662 0.158175 5.59616 0.717429 9937
11 56 64.7878 0.175401 5.39317 1.30582 8971
11 57 65.8163 0.179364 5.60273 1.14915 9007
11 58 62.0433 0.192557 5.71528 0.997096 7606
11 59 66.2973 0.167208 5.68797 0.953881 10054
11 60 60.8123 0.138694 5.45453 1.40696 12556
11 61 60.9486 0.141325 5.1982 1.14478 12743
11 62 61.6316 0.147119 5.41809 1.31056 11385
11 63 66.7607 0.201014 6.26731 1.18299 7765
12 0 63.1762 0.115896 5.32706 0.891708 20697
12 1 63.6425 0.124002 5.36812 1.41872 17079
12 2 63.9426 0.134057 5.69197 1.49592 15395
12 3 64.8799 0.162356 5.84167 1.17024 10995
12 4 64.9238 0.181283 5.72353 1.2714 9027
12 5 61.5852 0.0286731 10.0454 44.5685 10422
12 6 63.7477 0.138734 5.5796 1.35932 13654
12 7 63.9974 0.143219 5.42794 1.12449 12692
12 8 64.3334 0.152508 5.80024 1.49882 11885
12 9 63.5701 0.14298 5.89123 1.68288 13442
12 10 63.8198 0.130626 5.4964 1.26649 15560
12 11 63.6772 0.162045 5.77757 0.990471 10062
12 12 64.4015 0.159035 5.56644 1.48877 10533
12 13 64.7962 0.155304 5.83314 1.36433 10455
12 14 64.1411 0.130371 5.54102 1.24764 15461
12 15 64.2028 0.168136 5.80265 1.1894 9412
12 16 63.9767 0.129151 5.40868 1.22408 15983
12 17 67.7764 0.162586 6.35599 1.29034 11595
12 18 65.4267 0.175238 6.12104 0.829566 9286
12 19 64.7016 0.153713 5.40684 1.87344 11437
12 20 68.39 0.182076 5.69833 1.18401 9060
12 21 63.4484 0.14203 6.84418 3.3379 13171
12 22 64.8396 0.148257 5.50394 1.3397 12095
12 23 63.2821 0.164328 5.7058 1.27714 10003
12 24 63.0957 0.129 4.99696 1.25518 13868
12 25 63.9555 0.158384 5.31322 1.18473 11103
12 26 65.3599 0.151779 5.89108 1.22648 12468
12 27 66.1377 0.18086 6.4079 0.954697 9388
12 28 68.5864 0.174504 6.3363 1.01305 10665
12 29 64.4661 0.154887 5.8375 1.00558 10950
12 30 65.4295 0.183286 5.78375 1.2785 8655
12 31 64.9043 0.162927 6.96788 2.6118 10331
12 32 65.2566 0.173317 5.447 1.05503 9761
12 33 65.3075 0.179343 5.659 0.908258 8732
12 34 64.5172 0.148261 5.81842 1.15435 12559
12 35 64.6845 0.158806 5.44268 1.63742 10644
12 36 65.2794 0.193392 6.45394 0.810832 8124
12 37 0 0 0 0 0
12 38 66.5662 0.144309 5.62571 1.02986 13490
12 39 64.6157 0.161891 5.56534 1.2724 10453
12 40 64.8231 0.188316 5.7521 1.36108 8163
12 41 64.8924 0.173117 5.90552 1.08111 9705
12 42 65.3439 0.191756 6.48923 0.926424 8428
12 43 64.3037 0.177782 6.02426 1.49067 9774
12 44 64.8784 0.142529 5.49611 1.27367 12355
12 45 64.9694 0.182621 6.12795 0.981906 8948
12 46 63.4805 0.15714 5.80247 1.25202 10970
12 47 64.5646 0.147671 5.18077 1.49624 13105
12 48 65.4032 0.193911 6.22749 0.972665 8135
12 49 65.1469 0.18589 6.23446 1.10909 8673
12 50 64.2597 0.165251 5.85246 1.37234 10573
12 51 64.4273 0.154421 5.97287 0.915106 11811
12 52 63.3191 0.174154 5.82266 1.29727 9871
12 53 65.101 0.140689 5.37322 0.9138 12705
12 54 64.771 0.16334 5.62884 1.31306 10317
12 55 62.9461 0.156738 5.63288 0.902578 11615
12 56 64.8674 0.166814 5.63646 1.08762 10504
12 57 64.9082 0.159351 5.66076 1.03585 11142
12 58 64.2303 0.168029 6.01525 1.07569 10024
12 59 63.7649 0.155691 5.52879 0.852075 10870
12 60 67.0893 0.159478 5.50039 1.31808 11362
12 61 63.4351 0.139186 5.35002 1.15011 13419
12 62 62.9672 0.139613 5.56999 1.16677 13793
12 63 64.2886 0.158143 5.87921 1.24762 11059
13 0 65.2281 0.139779 5.58718 0.704814 14395
13 1 65.3507 0.146954 5.7442 1.19025 13081
13 2 65.3369 0.173522 6.00422 1.10515 10436
13 3 68.723 0.17435 6.01335 1.05863 10316
13 4 65.1534 0.196899 6.09687 1.22172 7805
13 5 65.3259 0.175601 6.42363 0.996713 10042
13 6 65.615 0.166765 6.09751 0.884327 10640
13 7 63.3419 0.16055 5.56883 1.19221 11207
13 8 68.7051 0.179069 6.51761 1.44713 10326
13 9 68.2205 0.167942 5.9397 1.49929 11030
13 10 63.8124 0.158673 6.03777 1.34412 11542
13 11 64.6049 0.192864 5.76562 1.14974 8342
13 12 65.3183 0.167168 6.09234 0.853638 10392
13 13 68.6396 0.192262 6.74626 1.4036 9490
13 14 64.6964 0.139713 5.67166 1.08727 14701
13 15 0 0 0 0 0
13 16 63.1958 0.153686 5.35572 1.98292 11999
13 17 64.2955 0.169587 5.77581 1.00563 10010
13 18 68.9327 0.205234 6.31368 1.37796 8524
13 19 68.4562 0.191936 6.02806 1.51276 9444
13 20 70.0057 0.214993 6.39635 1.55115 7741
13 21 64.8491 0.166129 6.02113 1.08804 10993
13 22 64.3661 0.152605 5.59179 1.00493 11362
13 23 68.7006 0.215142 6.56013 1.10143 7946
13 24 65.4596 0.158162 5.92964 0.983436 12293
13 25 68.4505 0.172444 5.6617 1.04547 10466
13 26 65.6264 0.160512 5.76886 1.22462 11423
13 27 65.9416 0.186877 5.8796 1.18525 8893
13 28 65.0012 0.171344 5.81162 1.56105 10132
13 29 68.7594 0.183606 6.05279 1.19327 10376
13 30 65.9029 0.199336 6.18234 1.02616 7985
13 31 68.3054 0.169197 5.79285 1.28514 11627
13 32 65.2151 0.156989 5.49552 1.48707 11619
13 33 65.071 0.165838 5.76268 1.45814 9645
13 34 65.0534 0.155259 5.83216 1.60294 11961
13 35 63.366 0.165964 5.84881 1.06329 10967
13 36 69.5008 0.192213 6.15322 1.22485 9012
13 37 0 0 0 0 0
13 38 68.7096 0.175743 6.18466 1.38467 10385
13 39 64.2806 0.155556 5.79349 0.947299 12311
13 40 65.4293 0.195972 6.25898 1.7107 8154
13 41 64.4239 0.159472 5.80554 1.33275 10916
13 42 65.2672 0.197452 5.41382 0.99251 8050
13 43 65.6705 0.157321 5.9919 0.95466 11171
13 44 68.5752 0.167504 5.88252 1.27436 10862
13 45 65.0645 0.174898 5.79085 1.48913 9542
13 46 66.5736 0.148851 6.14801 1.54424 13205
13 47 63.6086 0.151152 5.56432 1.35282 12688
13 48 65.7828 0.189282 5.92534 1.03712 8741
13 49 65.16 0.178064 5.75729 1.57017 8763
13 50 64.1792 0.176068 6.10433 1.21084 9727
13 51 64.1686 0.123531 5.4011 0.99476 18050
13 52 64.8263 0.161523 5.89982 1.22331 10995
13 53 64.6745 0.1544 5.7115 1.4151 12304
13 54 65.5042 0.173478 6.07309 1.39143 9956
13 55 64.8551 0.137698 5.45029 1.6393 13733
13 56 68.8438 0.164548 5.94622 0.926889 12174
13 57 0 0 0 0 0
13 58 66.2812 0.181912 6.21048 1.11627 9249
13 59 64.9401 0.144305 5.33365 1.07805 13468
13 60 65.0274 0.16096 5.76496 0.970562 11634
13 61 67.0999 0.117351 5.36961 1.34997 22043
13 62 64.5112 0.131675 5.45078 1.21593 16116
13 63 69.2984 0.176316 6.1586 1.62311 10393
14 0 61.1005 0.123635 5.53093 1.13378 16545
14 1 61.7445 0.132293 5.54488 1.18001 14949
14 2 62.2043 0.134143 5.30466 1.40699 14599
14 3 62.1524 0.166232 6.20165 1.1178 10381
14 4 62.3243 0.174194 5.90696 1.11773 8969
14 5 0 0 0 0 0
14 6 61.5573 0.137724 4.94744 1.11519 13252
14 7 61.6693 0.149188 5.79362 1.1511 12046
14 8 62.2884 0.157337 5.59706 1.28392 10477
14 9 62.0399 0.131833 5.39217 1.19745 14213
14 10 62.2341 0.122727 5.31856 1.43284 16238
14 11 61.7169 0.163044 5.62832 1.23648 9739
14 12 0 0 0 0 0
14 13 63.0105 0.160043 5.31517 0.820403 10758
14 14 62.0243 0.151119 5.7643 1.21879 11629
14 15 63.6013 0.164269 5.60588 1.0446 9712
14 16 61.752 0.122516 4.97686 1.54249 16361
14 17 62.5783 0.167541 5.92673 1.17687 9546
14 18 62.6336 0.169548 5.78646 1.02926 9322
14 19 61.8577 0.146853 5.3784 1.06438 11589
14 20 65.0994 0.185176 5.85139 1.1476 8065
14 21 62.4617 0.135076 5.446 1.16531 13741
14 22 63.1839 0.153551 5.39087 1.24927 11463
14 23 62.6184 0.176402 5.6654 1.34022 8470
14 24 62.7773 0.153933 5.68819 1.53849 10733
14 25 62.1014 0.156118 6.69675 2.85601 10522
14 26 62.5516 0.152643 5.30352 1.73214 10699
14 27 63.8072 0.181252 5.66525 1.2411 8758
14 28 63.3129 0.168702 5.8819 1.26042 9714
14 29 65.5405 0.186272 5.91224 1.11197 8653
14 30 63.8287 0.187951 5.54062 1.03462 7918
14 31 62.7546 0.171651 5.66209 1.03618 9146
14 32 66.0883 0.179232 5.87898 1.11759 8877
14 33 63.7844 0.18881 5.96307 1.10034 7801
14 34 62.0625 0.167691 6.00762 1.28142 9841
14 35 62.0984 0.152809 5.1036 1.4993 10771
14 36 62.8191 0.191621 5.40263 1.35449 7156
14 37 0 0 0 0 0
14 38 62.8923 0.157699 5.4292 1.5468 10547
14 39 65.2373 0.225142 6.00202 1.55225 6476
14 40 62.6646 0.197321 5.99634 1.08021 7161
14 41 65.298 0.165288 5.88982 1.22751 10041
14 42 63.8645 0.190334 6.01379 1.01593 7788
14 43 62.4254 0.18773 5.86268 0.92022 8302
14 44 63.3313 0.163329 5.71764 1.01151 9768
14 45 61.7806 0.171504 5.18114 0.920238 8644
14 46 62.5253 0.169551 5.59994 1.10364 9075
14 47 61.0225 0.175265 4.82399 1.14902 8394
14 48 63.5216 0.187447 6.04732 1.05028 7928
14 49 62.5367 0.177726 5.70378 1.02454 8756
14 50 64.5829 0.188319 5.53434 1.05219 8235
14 51 65.6568 0.189413 5.98033 1.22894 8157
14 52 62.6412 0.170831 5.70944 1.1058 9466
14 53 65.1907 0.187386 5.0664 1.30252 8066
14 54 63.0279 0.190184 5.55491 1.22525 7723
14 55 65.1152 0.166764 5.29309 1.20687 9936
14 56 65.5323 0.216949 5.82798 1.06703 6473
14 57 61.6647 0.204357 5.62139 1.10979 7123
14 58 62.5178 0.184808 5.41492 1.64706 7871
14 59 62.2519 0.151766 5.53647 0.977602 11222
14 60 64.3781 0.209392 5.63297 0.806565 6905
14 61 61.6227 0.176092 5.60976 1.36828 9146
14 62 61.3427 0.146583 5.45205 0.955013 11512
14 63 65.7506 0.179865 6.0842 1.50123 8920
15 0 63.6089 0.187744 5.73041 1.15115 7862
15 1 66.0496 0.215593 6.36799 1.21506 6819
15 2 62.6019 0.238687 5.76665 0.871982 5299
15 3 0 0 0 0 0
15 4 62.882 0.216303 5.98797 1.14332 6287
15 5 67.1797 0.248839 6.2783 0.953736 6068
15 6 66.0609 0.252069 6.13862 1.13011 4966
15 7 61.813 0.185722 5.62233 1.12878 7812
15 8 63.5749 0.213205 5.87374 1.13809 6295
15 9 0 0 0 0 0
15 10 0 0 0 0 0
15 11 62.7197 0.212538 5.91006 1.17608 6458
15 12 66.7582 0.219154 6.1446 0.836289 6515
15 13 62.4893 0.189075 5.82348 1.00741 7665
15 14 63.8287 0.171214 5.70566 1.24777 9773
15 15 63.7051 0.207759 5.72108 1.00396 6874
15 16 62.7117 0.213279 5.30153 0.837254 6336
15 17 64.3465 0.18683 5.64675 0.730028 7722
15 18 64.7401 0.215569 5.84056 1.23145 6546
15 19 67.3477 0.200642 5.85111 0.762277 7723
15 20 64.0933 0.228118 6.06253 1.30554 5643
15 21 67.387 0.245995 6.21384 1.08452 5443
15 22 64.4425 0.186886 5.2093 1.20343 7881
15 23 63.6762 0.223326 6.47586 1.45768 6148
15 24 67.3655 0.189429 5.73915 0.955765 8446
15 25 68.3231 0.225108 6.13874 1.34761 6396
15 26 64.9551 0.172278 5.6565 0.917034 9466
15 27 68.1828 0.23017 5.52604 0.835344 6166
15 28 63.7722 0.213155 6.26096 1.00226 6297
15 29 64.1502 0.205203 5.84177 0.916724 7015
15 30 69.0518 0.248261 6.26436 1.07994 5776
15 31 64.1827 0.194556 5.2486 1.16475 6759
15 32 68.6901 0.218984 6.45715 1.14487 6796
15 33 68.5936 0.234929 6.38535 1.2529 6209
15 34 64.442 0.195907 5.53146 1.08829 7756
15 35 67.4 0.202856 5.97444 1.01421 7539
15 36 64.3199 0.21092 6.01867 1.25343 6474
15 37 0 0 0 0 0
15 38 63.5649 0.192056 5.7657 1.05889 7879
15 39 67.2104 0.168417 5.99814 1.089 11110
15 40 0 0 0 0 0
15 41 64.1348 0.196117 5.73179 0.917029 8018
15 42 65.2178 0.19713 5.77469 1.0388 7111
15 43 63.5938 0.20433 6.5509 0.982287 7325
15 44 64.6157 0.187027 6.10194 1.19296 8202
15 45 65.5237 0.202718 5.82151 1.4813 7029
15 46 65.0362 0.186851 5.89901 1.09289 8135
15 47 63.8109 0.155837 5.48548 1.14745 11347
15 48 68.7977 0.203037 6.36785 1.25326 7746
15 49 65.2901 0.199834 6.16351 1.00142 7546
15 50 64.308 0.192798 6.00816 0.986509 7746
15 51 65.253 0.147977 5.5503 1.64173 12671
15 52 64.97 0.184436 5.82316 1.37054 8301
15 53 67.6141 0.164013 6.06326 1.07173 11629
15 54 65.2675 0.193249 5.97958 0.951564 7958
15 55 64.3406 0.179983 5.65903 1.25637 8958
15 56 68.2671 0.175843 5.99428 1.35629 10596
15 57 63.8346 0.154597 5.59197 1.04648 11251
15 58 64.5893 0.199839 6.00399 1.19632 7627
15 59 63.6353 0.174744 5.96586 1.16601 9097
15 60 63.6894 0.161094 5.78366 1.44835 10794
15 61 64.0965 0.136122 5.63901 1.31019 14723
15 62 65.2277 0.171872 5.88022 1.37399 10137
15 63 64.2333 0.194343 6.10539 1.25558 8174
