#mip results dif_1_1_1
#chip channel mpv empv widthmpv chi2ndf nentries
0 0 65.6767 0.151897 4.36757 1.05641 10859
0 1 61.4424 0.182423 4.94616 1.16358 6575
0 2 66.0834 0.20155 5.10993 1.40939 6034
0 3 55.6921 0.190548 4.53639 1.0803 5429
0 4 63.7235 0.254936 6.88242 1.87901 4166
0 5 0 0 0 0 0
0 6 61.9934 0.221914 5.00373 1.11874 5091
0 7 61.9872 0.324861 3.82749 1.15398 2654
0 8 60.8165 0.198025 4.36348 0.702769 5417
0 9 61.9104 0.219736 7.05936 2.22386 6026
0 10 66.4419 0.202199 4.92654 1.14512 5845
0 11 62.8043 0.229837 5.51504 1.09948 4841
0 12 60.8858 0.181545 4.58882 1.15671 5982
0 13 63.9139 0.240646 4.33601 1.35408 4267
0 14 62.4616 0.152016 4.56322 1.13513 9807
0 15 65.0946 0.236501 4.97556 0.597016 4276
0 16 46.9642 0.258239 3.10771 0.955732 2975
0 17 63.6465 0.213726 4.61205 0.739393 5210
0 18 62.1354 0.21344 4.05436 1.00415 4637
0 19 63.295 0.319656 4.5301 0.895275 2181
0 20 67.1095 0.240162 5.37829 0.931849 4217
0 21 0 0 0 0 0
0 22 59.4542 0.192745 4.41927 0.92287 4991
0 23 62.3767 0.221236 4.94903 0.951413 4589
0 24 67.0715 0.205569 5.58106 0.837639 6153
0 25 67.0111 0.353134 5.67874 0.987974 2158
0 26 62.6359 0.158818 5.09861 1.03229 8696
0 27 62.5818 0.240287 4.72187 1.06582 3578
0 28 61.2319 0.272581 4.51737 1.04989 3454
0 29 63.4175 0.203911 5.13431 0.577782 5487
0 30 63.0748 0.231655 4.72629 0.96402 3938
0 31 62.9191 0.299069 4.28297 1.16024 2230
0 32 63.9136 0.229579 4.95797 0.70548 4108
0 33 62.8251 0.219916 4.74368 0.758921 4237
0 34 62.4988 0.144307 4.60381 1.0386 9451
0 35 60.1667 0.32387 3.46287 1.03853 2045
0 36 63.4111 0.221374 4.90138 1.24356 4711
0 37 0 0 0 0 0
0 38 62.89 0.291349 5.6502 0.87522 2818
0 39 62.833 0.158086 4.62389 1.03429 8474
0 40 0 0 0 0 0
0 41 63.4 0.248345 5.16391 0.92406 3523
0 42 64.5688 0.241616 5.23636 1.20222 4275
0 43 63.9536 0.182861 4.63929 1.1756 6592
0 44 62.5297 0.225639 5.09239 0.614127 4147
0 45 64.5622 0.241012 4.96443 0.724471 3833
0 46 63.2984 0.137717 4.53403 0.986895 10625
0 47 62.9366 0.235797 5.05218 1.33331 3965
0 48 63.0599 0.238105 4.86542 0.963865 4268
0 49 67.4642 0.223291 5.2598 0.878885 5253
0 50 64.4782 0.222362 5.08902 0.92038 4220
0 51 62.2855 0.144866 4.87286 1.47285 9901
0 52 62.4962 0.182115 4.43213 1.31516 5833
0 53 63.9628 0.172543 4.95959 1.03744 7508
0 54 62.6437 0.215176 4.99354 1.1167 4787
0 55 63.3231 0.1889 5.12028 1.11334 6234
0 56 62.6182 0.167374 4.88124 0.714704 7858
0 57 62.6875 0.15268 4.88292 1.06037 9334
0 58 64.6569 0.211721 4.25513 1.18276 5333
0 59 62.8816 0.176318 7.05861 2.44645 9277
0 60 61.9203 0.162346 4.7632 1.17005 7876
0 61 61.844 0.127305 4.41755 1.17838 13206
0 62 61.9133 0.146745 4.59233 1.13201 9741
0 63 63.4112 0.20238 4.24538 1.08216 5694
1 0 0 0 0 0 0
1 1 0 0 0 0 0
1 2 0 0 0 0 0
1 3 0 0 0 0 0
1 4 0 0 0 0 0
1 5 0 0 0 0 0
1 6 0 0 0 0 0
1 7 0 0 0 0 0
1 8 0 0 0 0 0
1 9 0 0 0 0 0
1 10 0 0 0 0 0
1 11 0 0 0 0 0
1 12 0 0 0 0 0
1 13 0 0 0 0 0
1 14 0 0 0 0 0
1 15 0 0 0 0 0
1 16 0 0 0 0 0
1 17 0 0 0 0 0
1 18 0 0 0 0 0
1 19 0 0 0 0 0
1 20 0 0 0 0 0
1 21 0 0 0 0 0
1 22 0 0 0 0 0
1 23 0 0 0 0 0
1 24 0 0 0 0 0
1 25 0 0 0 0 0
1 26 0 0 0 0 0
1 27 0 0 0 0 0
1 28 0 0 0 0 0
1 29 0 0 0 0 0
1 30 0 0 0 0 0
1 31 0 0 0 0 0
1 32 0 0 0 0 0
1 33 0 0 0 0 0
1 34 0 0 0 0 0
1 35 0 0 0 0 0
1 36 0 0 0 0 0
1 37 0 0 0 0 0
1 38 0 0 0 0 0
1 39 0 0 0 0 0
1 40 0 0 0 0 0
1 41 0 0 0 0 0
1 42 0 0 0 0 0
1 43 0 0 0 0 0
1 44 0 0 0 0 0
1 45 0 0 0 0 0
1 46 0 0 0 0 0
1 47 0 0 0 0 0
1 48 0 0 0 0 0
1 49 0 0 0 0 0
1 50 0 0 0 0 0
1 51 0 0 0 0 0
1 52 0 0 0 0 0
1 53 0 0 0 0 0
1 54 0 0 0 0 0
1 55 0 0 0 0 0
1 56 0 0 0 0 0
1 57 0 0 0 0 0
1 58 0 0 0 0 0
1 59 0 0 0 0 0
1 60 0 0 0 0 0
1 61 0 0 0 0 0
1 62 0 0 0 0 0
1 63 0 0 0 0 0
2 0 62.3684 0.132314 4.88067 0.974728 11889
2 1 64.9061 0.165263 4.72282 1.06069 8189
2 2 64.2366 0.175484 4.99149 1.06548 7330
2 3 64.6536 0.212837 4.64141 1.00083 5191
2 4 64.1864 0.23472 5.21987 1.23185 4370
2 5 65.528 0.217223 5.73552 1.61147 5346
2 6 64.1611 0.189776 5.19886 1.12763 6358
2 7 62.8206 0.286445 5.29863 0.983486 2795
2 8 63.7729 0.197395 4.88357 1.14005 6010
2 9 63.5069 0.180294 4.47346 1.1168 6792
2 10 0 0 0 0 0
2 11 0 0 0 0 0
2 12 63.4449 0.19131 4.95597 1.16177 5941
2 13 64.8318 0.24623 4.90046 0.887839 3720
2 14 64.5205 0.150193 4.91471 0.95353 10428
2 15 63.6303 0.227252 4.51407 0.722859 3835
2 16 74.2079 0.0712481 0.374957 2.34463 3413
2 17 64.148 0.219459 4.05181 1.15154 5697
2 18 69.1646 0.245803 4.48066 1.35105 4310
2 19 63.8746 0.368327 3.96884 0.65424 2424
2 20 63.0602 0.206278 4.80644 0.897559 4926
2 21 63.7343 0.170349 4.74328 0.91018 7363
2 22 64.8584 0.232292 6.826 1.94999 5176
2 23 63.0382 0.191806 4.48466 0.784793 6056
2 24 63.2255 0.179587 4.79782 1.08286 6600
2 25 62.8186 0.293099 5.04346 1.09267 2391
2 26 64.4441 0.144639 4.77625 1.18977 10144
2 27 64.4081 0.225698 4.58017 1.13638 4260
2 28 64.3563 0.240397 4.63151 1.05181 4271
2 29 62.867 0.177108 4.95284 0.999476 6870
2 30 62.5762 0.221963 4.39119 1.06233 4828
2 31 62.8956 0.311899 4.80409 0.743001 2152
2 32 67.6298 0.28369 4.43343 1.54053 3711
2 33 68.3561 0.249911 5.22577 1.03532 4071
2 34 62.9537 0.137299 4.72701 0.985537 11885
2 35 62.4233 0.350328 4.47607 0.903747 2312
2 36 62.8353 0.208262 4.53289 0.891736 4455
2 37 0 0 0 0 0
2 38 0 0 0 0 0
2 39 64.0828 0.176469 4.62586 1.2737 7342
2 40 62.749 0.22947 4.83788 0.998822 4389
2 41 64.9382 0.268827 3.67252 1.39206 3580
2 42 64.3162 0.229085 5.43418 0.918198 4473
2 43 62.282 0.197164 5.45017 0.825901 6046
2 44 68.1472 0.219745 4.79136 0.926524 4963
2 45 64.6247 0.247718 4.46209 1.30278 3708
2 46 62.9884 0.148678 5.18766 1.37981 10507
2 47 67.6275 0.266976 4.73585 1.27457 3303
2 48 65.4078 0.244918 5.09081 1.17802 4207
2 49 64.7836 0.201657 4.98935 1.08437 5122
2 50 49.2997 0.171517 3.58128 0.643341 5233
2 51 63.4818 0.183125 7.20726 2.88097 8984
2 52 63.142 0.191594 4.41873 1.32499 5696
2 53 63.584 0.194385 4.94421 0.677582 6168
2 54 62.8998 0.196669 5.17051 0.690475 5776
2 55 64.6187 0.169404 4.79946 0.819661 7815
2 56 61.6016 0.186702 4.42097 1.17977 6836
2 57 0 0 0 0 0
2 58 68.4751 0.210677 5.16174 1.14377 5904
2 59 62.9198 0.151671 4.96296 0.90509 9785
2 60 68.729 0.205761 5.53292 1.32372 6545
2 61 63.481 0.129732 4.55956 0.853216 13458
2 62 64.4838 0.151895 6.99737 3.75132 11884
2 63 64.3645 0.185225 4.79332 0.953519 6886
3 0 0 0 0 0 0
3 1 61.8687 0.159982 4.11901 0.917718 9025
3 2 63.3739 0.163659 5.27543 1.16911 8906
3 3 67.3441 0.208048 5.64658 1.01498 6530
3 4 63.1975 0.241955 4.1916 0.770971 4435
3 5 61.2439 0.197201 4.65608 1.26373 6014
3 6 63.5115 0.199034 7.02973 2.34549 7475
3 7 63.1081 0.152254 4.59043 1.39409 11581
3 8 0 0 0 0 0
3 9 0 0 0 0 0
3 10 63.4616 0.152663 4.5288 1.41191 9908
3 11 62.208 0.229314 4.79635 0.900838 4801
3 12 64.7263 0.215871 6.94098 2.15689 6221
3 13 63.3323 0.189782 5.12071 1.21979 6527
3 14 63.3514 0.194838 7.10391 3.36929 7752
3 15 63.314 0.227786 5.15264 1.33673 4523
3 16 65.7156 0.143924 5.32299 1.46433 13415
3 17 62.9719 0.224148 3.87853 0.700061 4789
3 18 64.5061 0.236866 4.58954 0.858202 4552
3 19 0 0 0 0 0
3 20 61.4714 0.240875 4.6237 1.39294 4557
3 21 63.4251 0.177069 4.60289 0.939006 7818
3 22 64.0413 0.168221 4.44655 0.964319 8329
3 23 60.7478 0.220788 4.79844 0.87675 4749
3 24 61.5427 0.182547 4.92861 1.08 6932
3 25 63.4375 0.151605 4.94146 1.33485 10138
3 26 61.6674 0.195872 4.32789 1.31064 5790
3 27 64.5196 0.22267 5.01142 1.12587 4756
3 28 63.17 0.184433 4.90942 0.905165 6904
3 29 63.1767 0.211098 4.91651 1.00319 5062
3 30 64.583 0.241982 5.16565 1.10292 4414
3 31 63.5818 0.14253 4.16207 1.37743 12150
3 32 63.8874 0.174889 4.51635 1.08224 7508
3 33 64.663 0.210889 4.7171 0.758269 5561
3 34 62.4359 0.199659 4.62721 0.951743 5711
3 35 0 0 0 0 0
3 36 64.7612 0.221215 5.24892 0.883788 5100
3 37 0 0 0 0 0
3 38 63.3584 0.14436 4.75776 0.654632 11025
3 39 63.9683 0.15968 5.05979 0.897173 8937
3 40 64.7765 0.22825 4.12219 1.01032 4965
3 41 63.5582 0.179915 4.37554 0.880147 7020
3 42 63.7373 0.222865 4.55395 0.897959 4674
3 43 61.8008 0.212433 4.35396 0.794819 5415
3 44 65.1588 0.165127 5.14908 1.07047 8853
3 45 64.8376 0.224026 4.8173 0.944693 4963
3 46 63.1361 0.184499 4.4919 0.780369 6655
3 47 63.2893 0.136278 4.72575 0.863166 13034
3 48 65.1667 0.223683 4.94502 0.941989 4906
3 49 64.2791 0.219186 4.73428 1.36059 4944
3 50 0 0 0 0 0
3 51 63.3329 0.17106 5.13094 1.10924 7995
3 52 64.6996 0.234306 4.13245 1.08357 4820
3 53 63.0413 0.163489 7.01039 3.64758 10934
3 54 64.8903 0.181211 4.93806 1.29959 7015
3 55 64.8862 0.191993 4.63474 0.990609 6383
3 56 0 0 0 0 0
3 57 64.2652 0.17006 4.76915 1.31078 8363
3 58 64.9875 0.198369 5.42691 1.16732 6396
3 59 62.2567 0.195202 4.61675 1.19046 5793
3 60 63.7004 0.160282 5.00814 0.952478 8990
3 61 63.8044 0.165464 4.65975 0.910874 8278
3 62 63.008 0.195259 5.47715 0.910127 7010
3 63 64.3766 0.186896 4.63915 1.41366 6513
4 0 0 0 0 0 0
4 1 0 0 0 0 0
4 2 0 0 0 0 0
4 3 0 0 0 0 0
4 4 0 0 0 0 0
4 5 0 0 0 0 0
4 6 0 0 0 0 0
4 7 0 0 0 0 0
4 8 0 0 0 0 0
4 9 0 0 0 0 0
4 10 0 0 0 0 0
4 11 0 0 0 0 0
4 12 0 0 0 0 0
4 13 0 0 0 0 0
4 14 0 0 0 0 0
4 15 0 0 0 0 0
4 16 0 0 0 0 0
4 17 0 0 0 0 0
4 18 0 0 0 0 0
4 19 0 0 0 0 0
4 20 0 0 0 0 0
4 21 0 0 0 0 0
4 22 0 0 0 0 0
4 23 0 0 0 0 0
4 24 0 0 0 0 0
4 25 0 0 0 0 0
4 26 0 0 0 0 0
4 27 0 0 0 0 0
4 28 0 0 0 0 0
4 29 0 0 0 0 0
4 30 0 0 0 0 0
4 31 0 0 0 0 0
4 32 0 0 0 0 0
4 33 0 0 0 0 0
4 34 0 0 0 0 0
4 35 0 0 0 0 0
4 36 0 0 0 0 0
4 37 0 0 0 0 0
4 38 0 0 0 0 0
4 39 0 0 0 0 0
4 40 0 0 0 0 0
4 41 0 0 0 0 0
4 42 0 0 0 0 0
4 43 0 0 0 0 0
4 44 0 0 0 0 0
4 45 0 0 0 0 0
4 46 0 0 0 0 0
4 47 0 0 0 0 0
4 48 0 0 0 0 0
4 49 0 0 0 0 0
4 50 0 0 0 0 0
4 51 0 0 0 0 0
4 52 0 0 0 0 0
4 53 0 0 0 0 0
4 54 0 0 0 0 0
4 55 0 0 0 0 0
4 56 0 0 0 0 0
4 57 0 0 0 0 0
4 58 0 0 0 0 0
4 59 0 0 0 0 0
4 60 0 0 0 0 0
4 61 0 0 0 0 0
4 62 0 0 0 0 0
4 63 0 0 0 0 0
5 0 0 0 0 0 0
5 1 0 0 0 0 0
5 2 0 0 0 0 0
5 3 0 0 0 0 0
5 4 0 0 0 0 0
5 5 0 0 0 0 0
5 6 0 0 0 0 0
5 7 0 0 0 0 0
5 8 0 0 0 0 0
5 9 0 0 0 0 0
5 10 0 0 0 0 0
5 11 0 0 0 0 0
5 12 0 0 0 0 0
5 13 0 0 0 0 0
5 14 0 0 0 0 0
5 15 0 0 0 0 0
5 16 0 0 0 0 0
5 17 0 0 0 0 0
5 18 0 0 0 0 0
5 19 0 0 0 0 0
5 20 0 0 0 0 0
5 21 0 0 0 0 0
5 22 0 0 0 0 0
5 23 0 0 0 0 0
5 24 0 0 0 0 0
5 25 0 0 0 0 0
5 26 0 0 0 0 0
5 27 0 0 0 0 0
5 28 0 0 0 0 0
5 29 0 0 0 0 0
5 30 0 0 0 0 0
5 31 0 0 0 0 0
5 32 0 0 0 0 0
5 33 0 0 0 0 0
5 34 0 0 0 0 0
5 35 0 0 0 0 0
5 36 0 0 0 0 0
5 37 0 0 0 0 0
5 38 0 0 0 0 0
5 39 0 0 0 0 0
5 40 0 0 0 0 0
5 41 0 0 0 0 0
5 42 0 0 0 0 0
5 43 0 0 0 0 0
5 44 0 0 0 0 0
5 45 0 0 0 0 0
5 46 0 0 0 0 0
5 47 0 0 0 0 0
5 48 0 0 0 0 0
5 49 0 0 0 0 0
5 50 0 0 0 0 0
5 51 0 0 0 0 0
5 52 0 0 0 0 0
5 53 0 0 0 0 0
5 54 0 0 0 0 0
5 55 0 0 0 0 0
5 56 0 0 0 0 0
5 57 0 0 0 0 0
5 58 0 0 0 0 0
5 59 0 0 0 0 0
5 60 0 0 0 0 0
5 61 0 0 0 0 0
5 62 0 0 0 0 0
5 63 0 0 0 0 0
6 0 0 0 0 0 0
6 1 0 0 0 0 0
6 2 0 0 0 0 0
6 3 0 0 0 0 0
6 4 0 0 0 0 0
6 5 0 0 0 0 0
6 6 0 0 0 0 0
6 7 0 0 0 0 0
6 8 0 0 0 0 0
6 9 0 0 0 0 0
6 10 0 0 0 0 0
6 11 0 0 0 0 0
6 12 0 0 0 0 0
6 13 0 0 0 0 0
6 14 0 0 0 0 0
6 15 0 0 0 0 0
6 16 0 0 0 0 0
6 17 0 0 0 0 0
6 18 0 0 0 0 0
6 19 0 0 0 0 0
6 20 0 0 0 0 0
6 21 0 0 0 0 0
6 22 0 0 0 0 0
6 23 0 0 0 0 0
6 24 0 0 0 0 0
6 25 0 0 0 0 0
6 26 0 0 0 0 0
6 27 0 0 0 0 0
6 28 0 0 0 0 0
6 29 0 0 0 0 0
6 30 0 0 0 0 0
6 31 0 0 0 0 0
6 32 0 0 0 0 0
6 33 0 0 0 0 0
6 34 0 0 0 0 0
6 35 0 0 0 0 0
6 36 0 0 0 0 0
6 37 0 0 0 0 0
6 38 0 0 0 0 0
6 39 0 0 0 0 0
6 40 0 0 0 0 0
6 41 0 0 0 0 0
6 42 0 0 0 0 0
6 43 0 0 0 0 0
6 44 0 0 0 0 0
6 45 0 0 0 0 0
6 46 0 0 0 0 0
6 47 0 0 0 0 0
6 48 0 0 0 0 0
6 49 0 0 0 0 0
6 50 0 0 0 0 0
6 51 0 0 0 0 0
6 52 0 0 0 0 0
6 53 0 0 0 0 0
6 54 0 0 0 0 0
6 55 0 0 0 0 0
6 56 0 0 0 0 0
6 57 0 0 0 0 0
6 58 0 0 0 0 0
6 59 0 0 0 0 0
6 60 0 0 0 0 0
6 61 0 0 0 0 0
6 62 0 0 0 0 0
6 63 0 0 0 0 0
7 0 0 0 0 0 0
7 1 0 0 0 0 0
7 2 0 0 0 0 0
7 3 0 0 0 0 0
7 4 0 0 0 0 0
7 5 0 0 0 0 0
7 6 0 0 0 0 0
7 7 0 0 0 0 0
7 8 0 0 0 0 0
7 9 0 0 0 0 0
7 10 0 0 0 0 0
7 11 0 0 0 0 0
7 12 0 0 0 0 0
7 13 0 0 0 0 0
7 14 0 0 0 0 0
7 15 0 0 0 0 0
7 16 0 0 0 0 0
7 17 0 0 0 0 0
7 18 0 0 0 0 0
7 19 0 0 0 0 0
7 20 0 0 0 0 0
7 21 0 0 0 0 0
7 22 0 0 0 0 0
7 23 0 0 0 0 0
7 24 0 0 0 0 0
7 25 0 0 0 0 0
7 26 0 0 0 0 0
7 27 0 0 0 0 0
7 28 0 0 0 0 0
7 29 0 0 0 0 0
7 30 0 0 0 0 0
7 31 0 0 0 0 0
7 32 0 0 0 0 0
7 33 0 0 0 0 0
7 34 0 0 0 0 0
7 35 0 0 0 0 0
7 36 0 0 0 0 0
7 37 0 0 0 0 0
7 38 0 0 0 0 0
7 39 0 0 0 0 0
7 40 0 0 0 0 0
7 41 0 0 0 0 0
7 42 0 0 0 0 0
7 43 0 0 0 0 0
7 44 0 0 0 0 0
7 45 0 0 0 0 0
7 46 0 0 0 0 0
7 47 0 0 0 0 0
7 48 0 0 0 0 0
7 49 0 0 0 0 0
7 50 0 0 0 0 0
7 51 0 0 0 0 0
7 52 0 0 0 0 0
7 53 0 0 0 0 0
7 54 0 0 0 0 0
7 55 0 0 0 0 0
7 56 0 0 0 0 0
7 57 0 0 0 0 0
7 58 0 0 0 0 0
7 59 0 0 0 0 0
7 60 0 0 0 0 0
7 61 0 0 0 0 0
7 62 0 0 0 0 0
7 63 0 0 0 0 0
8 0 60.0643 0.156678 4.82931 1.1987 9185
8 1 58.1148 0.162062 4.30999 1.0505 7775
8 2 59.653 0.174115 4.53373 1.0223 7455
8 3 61.4157 0.19045 5.04978 0.736181 6221
8 4 61.3832 0.226958 4.24533 1.00012 5152
8 5 0 0 0 0 0
8 6 61.9075 0.189976 5.06902 1.22272 6768
8 7 53.0778 0.162816 3.98172 1.04583 7402
8 8 59.7693 0.1732 4.84711 0.604901 7159
8 9 61.327 0.184138 4.48766 1.13229 6548
8 10 61.9552 0.175963 4.40591 1.39937 7915
8 11 60.6043 0.192195 4.74007 1.0672 5864
8 12 60.1181 0.18015 4.64909 0.827148 6541
8 13 61.6845 0.190472 4.91436 0.86153 6382
8 14 57.9453 0.158126 4.19568 0.929095 8434
8 15 61.5463 0.214578 4.18552 0.680789 5274
8 16 60.6812 0.175315 4.73824 0.898009 8189
8 17 62.7883 0.203738 5.47033 0.847447 6187
8 18 0 0 0 0 0
8 19 63.7118 0.212321 4.50992 0.91965 6132
8 20 60.2192 0.209896 5.13458 0.892547 4931
8 21 0 0 0 0 0
8 22 62.5602 0.174987 4.87822 1.45661 7416
8 23 59.3692 0.202355 4.43631 1.18616 5600
8 24 0 0 0 0 0
8 25 66.6773 0.212285 4.80738 1.73127 6031
8 26 62.6045 0.194039 4.42445 0.79279 6962
8 27 62.2342 0.231025 6.95064 1.89103 5126
8 28 62.7382 0.19923 4.99046 1.298 6009
8 29 62.1968 0.189494 4.65568 1.14826 6173
8 30 61.466 0.213143 5.0979 0.881014 5070
8 31 63.6274 0.193023 6.96268 3.19546 7680
8 32 62.4468 0.174838 4.80866 1.02685 7643
8 33 62.1039 0.201054 4.26758 0.874455 6087
8 34 150.914 27.2206 23.2981 92.706 11181
8 35 61.8702 0.17857 4.87872 0.908823 7114
8 36 61.7186 0.18938 4.89331 0.919558 6194
8 37 0 0 0 0 0
8 38 58.9993 0.174723 4.67997 1.08402 7446
8 39 62.774 0.151775 4.5925 0.772869 10003
8 40 0 0 0 0 0
8 41 62.9986 0.188037 4.75434 1.10614 6953
8 42 68.0253 0.222051 5.67509 1.31156 5560
8 43 60.2324 0.174654 4.71328 1.60732 7206
8 44 61.8187 0.176403 4.91537 0.884311 7281
8 45 0 0 0 0 0
8 46 59.0012 0.158793 4.45323 1.31008 8263
8 47 61.7157 0.148304 7.05793 3.28914 13593
8 48 63.2815 0.337097 4.48635 1.31781 6493
8 49 62.5441 0.191925 4.75469 1.09786 6274
8 50 63.9041 0.190724 5.33614 1.10004 6659
8 51 62.4081 0.135181 4.73296 1.02456 12967
8 52 60.7221 0.186115 4.52247 0.852046 6484
8 53 61.2781 0.127266 4.81783 1.2466 13603
8 54 62.4726 0.195631 4.4773 1.18953 5910
8 55 58.1321 0.161888 4.48095 1.41366 8010
8 56 62.3774 0.161586 4.52925 1.01743 9713
8 57 62.4819 0.141519 5.00595 2.10937 11368
8 58 62.5059 0.2002 4.73231 1.16964 5641
8 59 59.4665 0.16963 4.97086 1.02162 7623
8 60 64.3935 0.147897 4.81616 1.44434 10283
8 61 56.8966 0.114343 4.41202 0.888227 14882
8 62 58.4996 0.162961 4.3565 1.03848 8137
8 63 58.3877 0.164865 4.33293 1.14722 6937
9 0 59.8423 0.119194 4.73601 1.38307 15464
9 1 58.3456 0.132643 4.21635 0.919072 11289
9 2 60.9912 0.157799 4.37419 0.997979 9034
9 3 59.7484 0.154064 4.25251 1.14968 9762
9 4 58.3903 0.204764 4.44594 1.11247 5018
9 5 59.1988 0.202358 4.72596 1.13592 5414
9 6 59.6167 0.165877 4.81443 1.07132 9057
9 7 59.3735 0.152415 4.34146 1.79203 10537
9 8 60.9854 0.209231 4.4628 1.26575 5686
9 9 59.9372 0.117807 4.27989 1.12814 15055
9 10 59.4373 0.102403 4.754 0.826228 19465
9 11 60.9169 1.20345 0.75133 1.95169 6860
9 12 59.591 0.183373 4.42772 1.10754 7211
9 13 59.7231 0.14625 4.65419 1.34881 9478
9 14 61.0179 0.163727 4.47462 0.765837 8916
9 15 64.3822 0.923086 0.806051 13.2754 10731
9 16 60.5541 0.107229 4.4329 1.09068 19733
9 17 58.1801 0.174582 4.33022 0.857769 6467
9 18 59.9164 0.199913 4.01219 1.16408 6379
9 19 59.4249 0.167386 4.76232 1.48231 10024
9 20 57.6643 0.203005 4.7356 0.896473 5412
9 21 60.774 0.139416 4.54124 0.879482 11086
9 22 59.9927 0.140244 4.07079 1.36769 10807
9 23 56.8049 0.185766 4.16306 1.30169 5407
9 24 57.9784 0.168419 4.78441 0.932463 7194
9 25 56.7747 0.1379 3.78661 0.880776 9926
9 26 61.1683 0.163082 4.41276 1.12453 7986
9 27 62.0729 0.188307 4.31622 1.18766 8830
9 28 60.9448 0.143237 4.62898 1.37987 11196
9 29 57.263 0.183619 3.85539 1.18857 7091
9 30 59.5959 0.181601 4.18968 0.919649 6549
9 31 60.4601 0.182721 3.84226 0.810831 6942
9 32 60.0612 0.179781 4.39925 1.21297 7079
9 33 61.534 0.18923 4.2324 1.05275 6004
9 34 58.1677 0.152155 4.11827 0.875059 8807
9 35 60.4488 0.333499 5.42908 1.36865 2947
9 36 58.875 0.194861 4.46549 0.907964 5132
9 37 59.6714 0.579215 2.29065 1.12238 5352
9 38 0 0 0 0 0
9 39 53.6164 0.19644 3.99017 0.848662 4928
9 40 58.482 0.206225 4.25259 1.40257 4520
9 41 0 0 0 0 0
9 42 56.5176 0.213049 4.66112 0.674987 4324
9 43 58.6524 0.18906 4.26362 0.910875 5790
9 44 0 0 0 0 0
9 45 94.5751 2.47348 0.348769 1.58067 4074
9 46 58.2469 0.183977 4.06589 0.841111 5824
9 47 0 0 0 0 0
9 48 57.506 0.20742 3.86498 1.02954 4734
9 49 36.4321 0.15709 2.54963 0.819971 3417
9 50 58.1232 0.29426 4.49619 0.863735 2372
9 51 55.8441 0.171092 4.18594 1.22823 6993
9 52 57.6435 0.190452 4.69153 0.91455 5814
9 53 1.17684e-12 0.0474972 9.08065 86.9292 3952
9 54 56.9559 0.204772 4.48145 1.26704 4892
9 55 59.5558 0.177615 4.74384 1.25246 7348
9 56 54.1124 0.193782 3.74872 1.17883 5377
9 57 54.4079 0.181074 4.52248 0.706948 5667
9 58 57.0105 0.194006 3.91789 0.849338 5278
9 59 57.7252 0.175874 4.6237 0.733331 6822
9 60 0 0 0 0 0
9 61 53.8274 0.145294 4.32034 0.669455 8957
9 62 59.0591 0.160413 4.29062 1.02042 8466
9 63 53.9851 0.190716 4.51368 0.899767 5086
10 0 0 0 0 0 0
10 1 0 0 0 0 0
10 2 0 0 0 0 0
10 3 0 0 0 0 0
10 4 0 0 0 0 0
10 5 0 0 0 0 0
10 6 0 0 0 0 0
10 7 0 0 0 0 0
10 8 0 0 0 0 0
10 9 0 0 0 0 0
10 10 0 0 0 0 0
10 11 0 0 0 0 0
10 12 0 0 0 0 0
10 13 0 0 0 0 0
10 14 0 0 0 0 0
10 15 0 0 0 0 0
10 16 0 0 0 0 0
10 17 0 0 0 0 0
10 18 0 0 0 0 0
10 19 0 0 0 0 0
10 20 0 0 0 0 0
10 21 0 0 0 0 0
10 22 0 0 0 0 0
10 23 0 0 0 0 0
10 24 0 0 0 0 0
10 25 0 0 0 0 0
10 26 0 0 0 0 0
10 27 0 0 0 0 0
10 28 0 0 0 0 0
10 29 0 0 0 0 0
10 30 0 0 0 0 0
10 31 0 0 0 0 0
10 32 0 0 0 0 0
10 33 0 0 0 0 0
10 34 0 0 0 0 0
10 35 0 0 0 0 0
10 36 0 0 0 0 0
10 37 0 0 0 0 0
10 38 0 0 0 0 0
10 39 0 0 0 0 0
10 40 0 0 0 0 0
10 41 0 0 0 0 0
10 42 0 0 0 0 0
10 43 0 0 0 0 0
10 44 0 0 0 0 0
10 45 0 0 0 0 0
10 46 0 0 0 0 0
10 47 0 0 0 0 0
10 48 0 0 0 0 0
10 49 0 0 0 0 0
10 50 0 0 0 0 0
10 51 0 0 0 0 0
10 52 0 0 0 0 0
10 53 0 0 0 0 0
10 54 0 0 0 0 0
10 55 0 0 0 0 0
10 56 0 0 0 0 0
10 57 0 0 0 0 0
10 58 0 0 0 0 0
10 59 0 0 0 0 0
10 60 0 0 0 0 0
10 61 0 0 0 0 0
10 62 0 0 0 0 0
10 63 0 0 0 0 0
11 0 0 0 0 0 0
11 1 62.6235 0.128173 4.64765 1.07217 15854
11 2 62.0763 0.167087 5.03159 1.1395 9118
11 3 0 0 0 0 0
11 4 67.1302 0.239834 5.40278 0.803266 5028
11 5 64.0863 0.196225 4.90669 0.784414 6825
11 6 59.4263 0.168426 4.58213 0.709855 7998
11 7 63.5576 0.158124 5.01181 1.47306 9651
11 8 60.1339 0.176547 4.45538 1.00387 7418
11 9 61.3441 0.158256 4.81616 1.0943 10080
11 10 59.4656 0.13183 4.78453 1.04683 12972
11 11 63.6698 0.219156 5.1139 0.80871 5686
11 12 0 0 0 0 0
11 13 65.0068 0.207039 4.75355 0.802472 6496
11 14 65.1338 0.121121 5.05688 0.916988 17682
11 15 62.5505 0.204219 4.51799 1.30984 6265
11 16 0 0 0 0 0
11 17 65.7423 0.17558 5.24207 0.96499 8459
11 18 64.0607 0.219155 4.95836 0.948953 5774
11 19 0 0 0 0 0
11 20 64.0049 0.207714 5.01062 1.04404 5769
11 21 61.3254 0.157396 4.79152 0.932389 9398
11 22 0 0 0 0 0
11 23 64.1983 0.204328 4.92987 1.93004 5838
11 24 66.289 0.151647 5.09148 1.13354 11725
11 25 61.6272 0.198352 4.88718 0.858838 6326
11 26 63.9355 0.155524 4.75389 0.994895 10547
11 27 64.2577 0.217192 5.32396 0.871592 5699
11 28 63.3115 0.191104 4.96766 0.822042 6684
11 29 64.6991 0.172394 4.64403 1.2089 8647
11 30 63.7741 0.200896 5.12023 0.900903 6188
11 31 64.2239 0.188593 5.2411 0.956744 7020
11 32 64.251 0.186182 5.27092 1.06595 7538
11 33 62.9605 0.194935 5.09638 1.16463 6428
11 34 64.901 0.160075 6.9828 3.36566 10620
11 35 0 0 0 0 0
11 36 66.092 0.195637 4.88872 1.25447 6736
11 37 0 0 0 0 0
11 38 0 0 0 0 0
11 39 0 0 0 0 0
11 40 0 0 0 0 0
11 41 63.2302 0.171597 5.46288 0.677065 8581
11 42 64.02 0.221235 3.96734 1.20294 5311
11 43 64.7057 0.165448 5.22983 0.668718 8788
11 44 65.0212 0.124734 4.94116 0.646054 15579
11 45 64.204 0.180467 4.5646 1.06739 7531
11 46 66.3116 0.148236 4.88305 1.535 11981
11 47 62.9224 0.112625 5.20211 1.37048 19451
11 48 63.9977 0.198473 4.98634 1.179 6340
11 49 0 0 0 0 0
11 50 66.2773 0.14746 5.1238 0.961382 11677
11 51 64.0167 0.158033 5.95497 1.05688 11601
11 52 65.2914 0.185803 5.02845 0.992462 7289
11 53 65.6604 0.108518 5.21327 0.689629 20952
11 54 64.5102 0.16673 4.97063 1.36214 8730
11 55 64.0694 0.165138 5.44602 1.18725 9314
11 56 0 0 0 0 0
11 57 63.4801 0.162712 4.8251 0.990348 8695
11 58 66.026 0.187911 5.27675 1.13398 7251
11 59 64.4508 0.172233 4.81452 0.96551 8886
11 60 63.381 0.12526 4.65068 1.20275 14972
11 61 62.5635 0.128101 4.77323 1.06591 14085
11 62 65.98 0.147001 5.03702 1.18281 11465
11 63 65.6336 0.188222 5.48557 0.845343 7278
12 0 59.0123 0.117516 6.78376 4.77678 20216
12 1 57.1637 0.109515 4.09639 1.38372 17130
12 2 59.463 0.122002 4.55972 1.06565 13846
12 3 61.4027 0.173653 4.37728 0.899869 7279
12 4 59.5867 0.18427 4.22942 1.19452 6626
12 5 58.2307 0.170938 4.83431 0.670064 6884
12 6 58.9306 0.152664 6.64358 3.79439 11367
12 7 0 0 0 0 0
12 8 58.767 0.153654 4.37796 0.840429 8380
12 9 64.9721 0.155524 4.56173 1.09021 11560
12 10 63.3974 0.133816 4.50785 1.28146 14051
12 11 59.3327 0.167286 4.92616 1.07359 7771
12 12 56.593 0.176404 4.77539 1.23427 6640
12 13 60.1195 0.160197 4.645 1.12357 8173
12 14 0 0 0 0 0
12 15 60.7445 0.186135 4.72688 1.3297 6624
12 16 59.4711 0.12415 4.63545 0.950042 14060
12 17 47.2492 0.126295 3.75923 0.677082 8951
12 18 0 0 0 0 0
12 19 60.2291 0.1665 4.61122 1.02144 8487
12 20 59.5205 0.191785 4.88762 1.10347 5816
12 21 57.867 0.133255 4.64186 0.609542 11119
12 22 60.125 0.1603 4.52941 1.20733 8386
12 23 56.7166 0.17523 4.99333 1.1183 6554
12 24 0 0 0 0 0
12 25 59.7135 0.186232 6.63254 2.83731 7311
12 26 57.4926 0.13959 4.52221 1.08556 10017
12 27 59.4555 0.184478 4.41648 1.10568 5982
12 28 58.1732 0.163634 4.38063 1.04487 7178
12 29 59.7657 0.172768 4.55904 1.24465 7260
12 30 58.5442 0.192867 4.60479 0.924756 5595
12 31 59.6532 0.188736 4.62598 1.33577 6277
12 32 59.5829 0.184851 4.69814 1.05877 6064
12 33 59.5718 0.209341 4.82329 0.942404 5083
12 34 59.7913 0.159048 4.89802 1.07688 8677
12 35 60.9418 0.189776 4.35102 1.32318 7449
12 36 59.7774 0.215043 4.09729 0.807805 5154
12 37 0 0 0 0 0
12 38 60.7984 0.16366 4.72334 0.842695 8465
12 39 61.4572 0.186993 4.41255 0.58962 6814
12 40 0 0 0 0 0
12 41 62.1378 0.201026 7.02654 2.21568 7202
12 42 60.9192 0.191817 4.77358 1.59619 5855
12 43 60.5827 0.18579 4.36869 0.766634 6579
12 44 60.8303 0.16424 4.8082 1.22488 8290
12 45 60.5149 0.196487 4.79753 0.984356 5863
12 46 59.4513 0.178407 4.4807 0.650183 7228
12 47 60.7195 0.179674 4.30654 1.31656 8111
12 48 61.925 0.191428 4.43264 1.31554 6051
12 49 58.3755 0.169848 4.44736 1.1635 6412
12 50 61.5681 0.182169 5.04102 1.62005 6566
12 51 60.5584 0.171387 4.80582 1.2316 7149
12 52 59.7743 0.185255 4.24085 1.46296 7170
12 53 61.6003 0.160769 4.514 1.4906 8186
12 54 0 0 0 0 0
12 55 60.9582 0.166841 4.89542 1.04007 7848
12 56 61.0414 0.181606 5.04045 0.909253 6626
12 57 61.3885 0.174691 5.0469 1.49987 7180
12 58 60.4772 0.179805 4.89439 1.46361 6499
12 59 59.8149 0.158063 4.58743 0.957977 8129
12 60 60.2188 0.181437 5.14409 1.00743 7039
12 61 56.8287 0.175015 3.794 0.946137 7528
12 62 60.1732 0.154996 3.86437 0.851409 9182
12 63 60.4684 0.170806 4.81049 1.13866 7337
13 0 61.0826 0.16751 5.55072 1.09475 8826
13 1 61.9448 0.166467 4.75811 1.43328 8090
13 2 59.6836 0.18815 4.9159 1.24347 6492
13 3 59.9465 0.183556 4.97468 1.22069 6352
13 4 60.8313 0.187604 4.64244 0.934373 5618
13 5 60.4403 0.200016 4.21991 0.907229 6092
13 6 58.9853 0.17332 4.41952 1.45805 6524
13 7 66.0154 0.191813 5.59126 1.42864 7367
13 8 59.2696 0.193236 4.02064 1.06417 6241
13 9 60.6875 0.185272 4.34752 1.40167 6978
13 10 65.2359 0.187068 4.85562 1.12278 7456
13 11 59.4621 0.198468 4.97896 1.12598 5650
13 12 66.2773 0.207896 4.45611 1.22577 6811
13 13 66.0969 0.190622 4.72504 1.33208 7383
13 14 58.7499 0.144832 4.90275 1.08499 9970
13 15 59.3766 0.18126 4.50368 0.881482 6232
13 16 58.9796 0.177067 4.493 1.35141 7150
13 17 66.1628 0.222515 7.20649 2.37032 7807
13 18 56.8277 0.181916 4.50079 1.25721 6037
13 19 57.9315 0.172044 4.04314 1.15339 6776
13 20 58.0764 0.203227 4.70422 1.24694 4959
13 21 0 0 0 0 0
13 22 60.1356 0.169047 5.08902 0.98851 7546
13 23 59.4206 0.200716 4.86293 1.22485 5527
13 24 61.496 0.158918 4.96042 2.0968 8449
13 25 0 0 0 0 0
13 26 65.7732 0.159152 4.75394 1.07638 9459
13 27 58.3181 0.172387 4.90809 0.851934 7244
13 28 59.5647 0.159463 5.04116 0.878039 8717
13 29 58.1886 0.173359 4.56845 1.00603 6947
13 30 0 0 0 0 0
13 31 0 0 0 0 0
13 32 57.626 0.132433 4.37649 1.3359 11856
13 33 0 0 0 0 0
13 34 58.2721 0.18196 6.87225 2.83876 8169
13 35 57.0858 0.126739 3.86095 1.18845 13754
13 36 0 0 0 0 0
13 37 0 0 0 0 0
13 38 0 0 0 0 0
13 39 56.7838 0.121309 4.4271 1.59034 12939
13 40 64.6999 0.198797 5.18689 1.40175 6240
13 41 0 0 0 0 0
13 42 0 0 0 0 0
13 43 60.0011 0.162771 4.41814 1.37766 8195
13 44 58.1403 0.135061 4.20652 0.68745 11391
13 45 57.8073 0.134111 4.33965 0.967355 10803
13 46 0 0 0 0 0
13 47 0 0 0 0 0
13 48 60.5691 0.159947 4.61334 1.55531 8409
13 49 66.0099 0.181055 4.82886 1.4167 7218
13 50 0 0 0 0 0
13 51 58.7563 0.109642 4.44553 1.1728 16660
13 52 58.3247 0.144029 4.37859 1.20734 9416
13 53 58.4411 0.1199 4.25797 0.985207 14493
13 54 60.5844 0.159272 4.7134 0.615322 8446
13 55 61.1979 0.170231 6.89479 3.04301 9846
13 56 0 0 0 0 0
13 57 66.4992 0.140909 4.79265 1.15581 12777
13 58 57.8963 0.171055 3.99602 1.31292 7270
13 59 59.3726 0.128446 4.54473 1.33741 12143
13 60 56.7553 0.138518 6.43781 4.87583 12528
13 61 59.6858 0.103886 4.36758 1.37496 20042
13 62 61.4015 0.150323 6.86205 3.2658 12209
13 63 0 0 0 0 0
14 0 61.6638 0.158788 4.45842 0.749987 9785
14 1 62.0795 0.153009 4.88972 1.3428 9509
14 2 62.3848 0.159448 5.22842 0.936977 9319
14 3 63.0373 0.186396 4.96475 1.08412 7203
14 4 63.5462 0.201463 5.12547 1.16577 5929
14 5 57.8259 0.175584 4.39849 1.29916 6673
14 6 61.1576 0.16284 4.47006 0.838964 8318
14 7 0 0 0 0 0
14 8 60.4277 0.191368 6.63198 2.94524 6954
14 9 63.4173 0.161571 5.35871 1.33829 9069
14 10 66.4215 0.155438 5.27346 1.16713 10599
14 11 61.7388 0.194481 5.19174 1.08091 6312
14 12 62.667 0.183462 4.58637 1.04993 7048
14 13 63.6934 0.165104 5.24106 1.01169 8660
14 14 59.4196 0.17725 4.63669 0.608549 6983
14 15 0 0 0 0 0
14 16 66.3687 0.161072 4.95496 1.13272 10641
14 17 62.8994 0.202734 4.43303 1.09362 5513
14 18 0 0 0 0 0
14 19 66.5614 0.170392 4.87139 0.899204 9003
14 20 64.6185 0.226992 5.24351 1.05463 4983
14 21 63.5624 0.176426 6.85682 2.96258 8935
14 22 63.466 0.158163 5.09183 1.33161 9480
14 23 62.7954 0.229021 4.32199 1.0366 5250
14 24 61.1143 0.177232 4.57823 1.12672 6541
14 25 67.3976 0.197345 4.96404 0.937006 7238
14 26 67.4902 0.22157 7.49554 2.13779 6490
14 27 66.0853 0.212098 5.19115 1.21259 5737
14 28 63.7046 0.184214 4.6956 1.2305 6869
14 29 64.5225 0.214328 4.3825 1.11984 5418
14 30 0 0 0 0 0
14 31 67.2744 0.228491 4.38996 1.15801 6626
14 32 64.3264 0.195199 5.17123 1.12093 6492
14 33 64.779 0.209128 5.03992 1.01143 5234
14 34 63.5207 0.203049 5.31541 0.946477 5720
14 35 66.6946 0.180672 4.76721 1.19281 8193
14 36 64.8928 0.236506 5.08473 1.1395 4783
14 37 0 0 0 0 0
14 38 63.4438 0.18876 4.68181 1.01805 6618
14 39 63.0174 0.310081 4.54879 1.09251 3219
14 40 63.2594 0.231515 5.53246 1.09438 4741
14 41 64.7868 0.176881 5.02476 1.13829 7890
14 42 63.4682 0.212797 4.3085 1.27724 5662
14 43 63.1882 0.188212 4.43105 1.06434 6358
14 44 66.9573 0.200885 4.68357 0.937333 6693
14 45 64.3645 0.201742 5.43229 0.700247 5965
14 46 63.3814 0.191658 5.46755 1.26687 6901
14 47 63.1243 0.250856 4.40671 0.902392 3999
14 48 66.0538 0.204885 5.51802 1.34798 5861
14 49 63.6501 0.204687 4.27343 1.09769 6531
14 50 63.508 0.234286 5.27787 1.4076 4976
14 51 63.3679 0.273442 4.03869 0.778695 4219
14 52 0 0 0 0 0
14 53 66.1682 0.260394 5.16742 1.08857 4305
14 54 64.2166 0.217445 4.66496 1.4674 4680
14 55 66.5034 0.21295 5.56695 1.08997 6258
14 56 63.5193 0.307702 4.46245 1.06941 3238
14 57 66.3868 0.285197 5.60532 1.17282 3598
14 58 63.7851 0.235492 4.90099 1.07722 4574
14 59 62.3731 0.156905 5.00871 1.07044 9018
14 60 0 0 0 0 0
14 61 62.3635 0.240064 4.52652 1.18288 4619
14 62 64.85 0.181844 5.12438 1.01191 7624
14 63 62.5743 0.220413 4.02796 1.1508 5493
15 0 0 0 0 0 0
15 1 61.5004 0.266944 4.7833 0.744606 3860
15 2 64.7805 0.310069 5.141 1.03976 3186
15 3 0 0 0 0 0
15 4 60.745 0.209434 5.05085 0.953664 5292
15 5 61.6165 0.251823 4.84367 0.853296 4336
15 6 60.9376 0.311177 5.48651 0.936713 2845
15 7 64.3866 0.21183 5.15199 1.01172 6027
15 8 60.7617 0.238399 4.44236 1.22524 4342
15 9 0 0 0 0 0
15 10 0 0 0 0 0
15 11 64.1394 0.203517 4.72734 1.11386 5822
15 12 61.9417 0.227378 5.11665 0.625066 4977
15 13 65.7562 0.184167 4.67642 1.07262 8189
15 14 61.6639 0.165842 4.84089 1.14864 8506
15 15 62.1267 0.196057 4.7712 1.01666 6283
15 16 63.3338 0.281667 4.47744 1.21525 3538
15 17 61.9222 0.176293 4.96327 0.786957 7828
15 18 60.8336 0.203004 4.81701 0.971678 5870
15 19 60.1018 0.208297 7.20506 1.97981 7269
15 20 0 0 0 0 0
15 21 65.1268 0.301077 5.09226 0.995382 3241
15 22 62.2799 0.206777 4.38618 1.08878 6126
15 23 60.8071 0.227367 5.28059 1.07743 4745
15 24 62.2613 0.182007 4.67461 0.92203 6720
15 25 60.6755 0.200527 5.39114 1.09905 6377
15 26 62.0513 0.148797 4.97507 0.830436 10708
15 27 62.3716 0.201906 4.60117 1.17611 5914
15 28 60.734 0.195759 5.7781 1.03316 6670
15 29 60.1366 0.206155 6.70588 2.48059 5766
15 30 61.7115 0.208393 4.94151 1.10459 5156
15 31 60.515 0.171735 5.01261 0.973643 8163
15 32 0 0 0 0 0
15 33 0 0 0 0 0
15 34 62.0673 0.17914 5.33781 1.05588 7545
15 35 0 0 0 0 0
15 36 63.2403 0.202768 4.7988 0.99887 5477
15 37 0 0 0 0 0
15 38 0 0 0 0 0
15 39 0 0 0 0 0
15 40 65.8407 0.232628 5.06796 0.901423 4643
15 41 0 0 0 0 0
15 42 61.3913 0.198983 4.80031 0.863068 5668
15 43 63.0309 0.216616 4.41893 1.50584 5533
15 44 59.926 0.128245 4.50344 0.65755 12151
15 45 59.6655 0.16679 4.5253 0.910368 8092
15 46 62.9843 0.198122 4.80624 1.17338 5903
15 47 0 0 0 0 0
15 48 0 0 0 0 0
15 49 62.9562 0.207465 4.62851 0.896038 5498
15 50 60.4935 0.151412 4.87428 0.807087 9428
15 51 60.7357 0.154474 4.54376 1.14797 9164
15 52 61.9805 0.186991 5.02521 1.06347 6206
15 53 60.5528 0.158044 6.96657 2.82108 11442
15 54 60.7838 0.16694 4.78852 1.19197 7658
15 55 61.0027 0.181004 4.82875 0.748493 6652
15 56 61.0509 0.159357 4.42269 1.13312 9196
15 57 58.6372 0.145899 4.42097 1.13482 9599
15 58 59.7406 0.182343 4.95199 0.706185 6455
15 59 66.0427 0.195362 5.13633 1.09718 6943
15 60 65.3538 0.155187 4.9167 1.13684 10646
15 61 61.367 0.152889 5.17686 1.05913 9507
15 62 60.4437 0.175398 4.49898 1.35159 7370
15 63 60.0463 0.191354 5.24134 0.729385 6617
