#mip results dif_1_2_5
#chip channel mpv empv widthmpv chi2ndf nentries
0 0 0 0 0 0 0
0 1 157.407 1.90364 12.1502 0.930266 685
0 2 151.139 2.21503 14.2968 0.822884 772
0 3 145.874 4.16738 20.5208 0.83947 594
0 4 143.299 2.4642 14.6177 1.06897 666
0 5 145.537 2.73386 14.9661 1.06554 697
0 6 142.41 5.82977 41.1281 1.01903 661
0 7 151.679 14.6493 68.6261 0.541264 486
0 8 145.458 2.70452 17.8893 0.766924 711
0 9 146.797 5.14714 30.2693 0.718423 546
0 10 148.029 12.673 61.5843 0.732228 513
0 11 143.005 2.53444 14.7328 0.975274 709
0 12 150.268 1.64125 12.3326 0.75874 666
0 13 145.54 3.19519 18.9698 0.87674 596
0 14 143.529 4.00858 26.2556 0.991684 713
0 15 147.338 5.06913 31.504 0.813943 596
0 16 0 0 0 0 0
0 17 139.375 8.52276 55.0467 0.810331 656
0 18 152.328 1.51785 12.8656 0.961586 748
0 19 153.967 7.90138 42.9983 0.740438 539
0 20 150.398 3.51623 23.4695 0.801964 669
0 21 150.807 2.68139 16.7718 0.861153 634
0 22 152.523 12.3065 58.5418 0.789748 515
0 23 151.619 2.53783 15.1326 0.868956 651
0 24 151.045 1.73894 12.7398 1.03692 733
0 25 151.33 5.76655 33.4903 0.719559 566
0 26 151.977 2.31454 16.9922 0.823845 727
0 27 148.561 3.00394 20.3863 0.856924 694
0 28 151.142 3.24425 18.9413 0.735094 629
0 29 148.439 7.30075 53.0603 1.03909 751
0 30 147.95 1.59361 12.2662 0.956936 765
0 31 137.405 8.61449 54.7453 0.809172 609
0 32 155.388 2.69865 19.2086 0.68746 680
0 33 152.389 2.46546 13.8471 0.988907 712
0 34 152.904 1.48085 14.3054 1.14203 1022
0 35 149.024 11.608 67.5082 1.02132 691
0 36 152.628 2.7584 18.2042 0.820839 640
0 37 0 0 0 0 0
0 38 141.947 5.31239 40.4213 0.894723 721
0 39 146.922 1.83684 15.2885 1.13299 988
0 40 0 0 0 0 0
0 41 147.689 2.37282 15.5035 1.20102 763
0 42 148.592 1.60885 12.6828 0.9074 799
0 43 155.154 1.50619 13.8837 1.23869 997
0 44 142.362 2.84616 17.7855 0.721523 710
0 45 150.956 9.74316 60.7529 0.820867 656
0 46 154.665 1.33913 14.9087 0.995056 1154
0 47 148.613 10.6407 70.3448 0.772473 763
0 48 147.874 2.51035 15.0101 0.956639 725
0 49 150.313 2.81808 20.908 1.06614 892
0 50 147.019 3.63434 22.3008 0.947413 722
0 51 148.723 1.45071 15.7027 1.36202 1317
0 52 149.24 1.15281 13.2587 0.836714 1088
0 53 145.322 2.55531 19.2751 0.861976 821
0 54 150.506 1.86523 13.6901 1.09025 930
0 55 143.809 1.37797 13.6212 1.13424 1103
0 56 145.093 1.46597 13.6021 0.881767 1075
0 57 144.426 1.21924 12.0003 1.0597 1242
0 58 145.36 1.45881 14.7651 1.10572 999
0 59 146.721 1.7243 14.727 1.07815 1164
0 60 148.54 2.0103 16.5862 1.12392 933
0 61 153.12 1.41338 16.9004 1.47471 1500
0 62 147.037 1.41533 16.3768 1.15766 1316
0 63 142.265 1.3793 13.4173 1.05414 1054
1 0 148.211 1.13828 14.9579 1.17022 1516
1 1 155.867 1.06938 13.9799 1.21857 1434
1 2 152.553 1.11779 13.8186 1.05621 1407
1 3 151.546 1.08282 11.9541 1.26443 1299
1 4 149.713 1.10255 11.8502 1.13093 1207
1 5 152.873 1.15758 11.3788 1.02097 1297
1 6 147.479 0.989359 12.7486 1.23937 1503
1 7 158.869 1.19745 14.6193 1.3268 1448
1 8 151.692 1.018 11.221 1.28744 1297
1 9 159.541 1.293 15.5695 1.16169 1502
1 10 157.546 1.60022 16.4366 1.28282 1547
1 11 156.499 1.14314 12.2802 1.0674 1134
1 12 150.996 1.0516 10.3346 1.30605 1321
1 13 152.934 1.06832 11.4078 0.918816 1287
1 14 151.987 1.17762 13.2017 1.24045 1407
1 15 155.06 1.14492 12.5767 1.02939 1258
1 16 158.076 1.10183 13.2912 1.47712 1695
1 17 155.282 1.35791 13.6499 1.20267 1160
1 18 152.597 1.22844 12.7006 1.40013 1255
1 19 157.491 1.34276 12.7952 0.911007 1445
1 20 150.885 1.33551 11.8727 0.958769 1095
1 21 152.295 1.19952 14.7221 1.39563 1467
1 22 153.648 1.15741 14.1064 1.01859 1336
1 23 152.73 1.64315 16.083 0.95396 1055
1 24 151.712 1.18319 14.2403 1.16715 1266
1 25 149.43 1.02255 11.7416 1.16802 1310
1 26 158.975 1.63864 15.7368 1.09683 1176
1 27 153.754 1.12372 12.1234 0.935678 1120
1 28 153.621 1.17972 12.9635 1.26116 1161
1 29 155.936 1.30724 14.5006 0.86147 1136
1 30 152.374 1.46504 15.5895 0.865995 1092
1 31 153.942 1.23037 12.2272 1.21338 1181
1 32 151.041 1.07193 10.7338 1.35842 1159
1 33 0 0 0 0 0
1 34 147.602 1.25659 11.0572 1.00525 1151
1 35 150.882 1.27917 11.8331 0.971525 1128
1 36 150.45 1.20705 12.5692 1.18264 1057
1 37 0 0 0 0 0
1 38 153.152 2.00494 14.4439 1.00216 939
1 39 148.966 2.88999 19.365 0.85776 767
1 40 149.049 1.68804 12.9111 1.10453 1033
1 41 150.051 1.46608 14.012 1.29268 1046
1 42 150.272 1.32426 12.238 1.10086 1049
1 43 149.781 1.12047 12.0623 0.936345 1079
1 44 153.184 1.65504 13.9435 1.01644 856
1 45 147.917 1.32424 10.7486 0.993999 1046
1 46 150.023 1.49156 14.1805 1.02354 1018
1 47 150.213 1.77262 14.4176 0.972073 895
1 48 149.985 1.09987 10.7014 0.92196 992
1 49 0 0 0 0 0
1 50 150.33 1.83237 13.2036 0.807061 806
1 51 143.68 2.38743 16.5463 0.937252 735
1 52 148.304 1.18155 9.70188 0.857038 949
1 53 152.922 3.57925 28.1298 0.872371 771
1 54 145.121 1.50471 11.9264 1.00814 816
1 55 150.127 2.80052 19.0492 0.843389 712
1 56 0 0 0 0 0
1 57 149.741 2.73103 20.222 0.814903 730
1 58 148.236 1.912 14.6021 0.9901 793
1 59 157.888 1.83091 15.292 1.05945 829
1 60 139.545 2.82627 11.4085 0.934613 743
1 61 147.759 2.00486 14.5355 0.799217 825
1 62 148.582 2.51871 18.5432 0.862884 742
1 63 146.458 5.01201 35.1678 0.826834 680
2 0 152.367 1.1759 12.5149 1.25175 1299
2 1 159.946 2.20146 21.2556 1.15685 1202
2 2 159.778 1.48138 15.0322 0.999613 1121
2 3 159.72 2.29247 17.5868 1.02073 769
2 4 157.202 1.39929 13.6413 0.999907 1024
2 5 155.881 1.9067 14.6374 1.01065 956
2 6 157.148 1.5021 15.5389 1.007 1078
2 7 141.489 6.97277 49.5413 0.807642 690
2 8 153.944 1.23199 13.1139 0.953106 1041
2 9 159.098 2.05485 14.0664 0.860717 787
2 10 158.96 2.3384 17.9614 0.884325 706
2 11 158.503 1.19367 13.3995 0.934586 1100
2 12 155.809 1.37752 13.7125 0.965482 892
2 13 157.967 2.64737 19.7 0.986061 826
2 14 161.813 1.27098 14.7299 1.17365 1259
2 15 154.279 1.7608 14.3019 0.890386 793
2 16 149.201 6.78672 50.7313 0.869715 686
2 17 151.582 1.10941 12.0874 1.31212 1151
2 18 158.48 1.33118 12.4764 0.985949 941
2 19 154.759 6.65617 49.2609 0.848288 698
2 20 160.177 1.33216 11.9503 1.30102 1022
2 21 162.419 2.23338 16.0764 0.910302 883
2 22 153.909 2.10587 16.3327 0.900507 728
2 23 154.908 1.57894 14.2085 1.13896 1119
2 24 156.705 1.12037 12.281 1.03468 1221
2 25 159.988 2.16247 15.9849 0.780928 816
2 26 158.121 1.36981 15.3883 0.991322 1206
2 27 155.97 1.79268 13.4495 0.914251 880
2 28 160.814 1.65207 14.5673 0.922664 795
2 29 156.627 1.75542 15.1685 1.2609 1206
2 30 158.836 1.74609 14.8523 1.17546 924
2 31 160.357 3.5498 28.1883 0.948492 809
2 32 159.309 1.54382 12.7911 0.952829 801
2 33 156.332 1.28618 13.0729 0.850787 938
2 34 155.758 1.15799 12.5911 1.30984 1329
2 35 149.195 4.42816 34.9837 0.815993 783
2 36 161.154 1.30624 13.4525 0.973316 1002
2 37 0 0 0 0 0
2 38 157.121 2.12241 17.2211 0.991573 930
2 39 158.196 1.59076 16.6803 1.22787 1294
2 40 158.414 1.31734 12.5472 0.958583 1056
2 41 159.49 1.51428 13.2812 0.841874 816
2 42 159.561 1.32313 12.4506 0.916374 1074
2 43 162.511 1.14994 13.7625 1.13868 1310
2 44 157.078 2.5542 18.4521 1.09281 867
2 45 160.579 1.58069 14.7946 1.07689 987
2 46 157.415 1.32066 14.646 1.18523 1346
2 47 150.606 5.96822 52.1888 1.01095 957
2 48 157.219 1.29698 13.6398 1.20265 1106
2 49 159.136 1.16542 12.4893 1.23595 1205
2 50 160.289 1.21682 12.1181 1.26159 1109
2 51 154.677 1.40487 15.1252 1.16742 1501
2 52 157.621 1.10239 13.4168 1.14395 1439
2 53 161.075 1.48465 14.5982 1.19486 1079
2 54 158.415 1.19314 11.5615 1.03594 1073
2 55 158.379 1.10976 14.6524 1.16571 1503
2 56 156.916 1.41092 17.6435 1.33584 1533
2 57 155.592 1.1697 12.1504 1.39509 1500
2 58 158.228 1.41163 14.7774 1.0449 1152
2 59 151.231 1.20735 15.0176 1.2649 1577
2 60 154.026 1.09806 10.9018 1.35989 1440
2 61 154.333 1.33998 18.1094 1.42799 1980
2 62 156.599 1.17899 15.8167 1.3597 1682
2 63 151.698 1.20317 12.6616 1.22141 1406
3 0 154.55 1.05065 14.0202 1.37778 2018
3 1 156.433 1.02838 14.1589 1.26984 1887
3 2 148.683 0.952227 11.3469 1.36967 1877
3 3 0 0 0 0 0
3 4 150.215 0.964895 10.3843 1.27665 1433
3 5 153.26 1.0545 14.7479 1.3927 1508
3 6 155.193 1.06599 15.4457 1.31508 1817
3 7 148.897 1.15389 12.4213 1.62312 1880
3 8 154.354 1.00171 13.4536 1.17183 1594
3 9 155.667 0.966148 12.9328 1.38714 1895
3 10 154.438 1.26172 14.4058 1.26606 1747
3 11 154.268 0.916168 11.6498 1.17159 1483
3 12 153.148 1.00689 10.044 1.15679 1527
3 13 151.607 1.03693 14.0029 1.09548 1577
3 14 154.255 0.925491 12.5114 1.28248 1673
3 15 154.695 1.08991 14.0754 1.16414 1488
3 16 151.058 1.21466 15.0695 1.46957 2153
3 17 151.576 0.947698 12.2317 1.4043 1515
3 18 153.439 0.987298 10.5622 1.31658 1331
3 19 154.846 1.03634 14.3894 1.39356 1837
3 20 156.088 1.01356 11.5126 1.11704 1378
3 21 153.541 1.11888 11.4447 1.15959 1846
3 22 153.432 0.898763 11.9473 1.344 1714
3 23 155.974 1.12243 13.8514 1.08783 1440
3 24 158.164 1.12418 14.6038 1.09453 1607
3 25 153.234 1.14411 11.6628 1.31234 1674
3 26 159.673 1.1465 12.4633 1.32144 1546
3 27 154.079 1.07381 13.1518 1.22348 1397
3 28 153.952 1.04455 12.2134 1.17113 1320
3 29 155.609 1.05676 11.8086 1.02336 1373
3 30 151.555 1.05986 12.8249 1.07089 1248
3 31 149.385 1.05367 12.2215 1.60067 1626
3 32 156.222 1.03811 13.3311 1.30782 1439
3 33 151.969 1.17631 13.0807 1.11021 1206
3 34 157.291 1.3248 15.8588 1.36006 1465
3 35 155.09 0.993453 12.5151 1.28384 1576
3 36 160.582 1.28839 13.6174 1.11568 1309
3 37 0 0 0 0 0
3 38 158.942 0.999918 12.3692 1.10086 1590
3 39 152.435 1.10727 13.0995 1.11194 1380
3 40 154.194 1.12187 13.4161 1.19114 1318
3 41 153.959 0.913178 11.1449 0.958591 1422
3 42 160.725 1.33587 13.4905 1.00936 1329
3 43 154.769 1.05788 11.3882 1.19663 1388
3 44 0 0 0 0 0
3 45 151.868 1.08627 13.4602 1.4584 1366
3 46 147.09 0.994246 12.152 1.49791 1448
3 47 154.5 1.1065 13.5989 1.16129 1435
3 48 146.222 1.08399 11.4487 1.2313 1281
3 49 150.348 0.974111 10.3959 1.05752 1220
3 50 150.127 0.939268 10.7564 1.17258 1328
3 51 152.434 1.12673 12.8631 1.03106 1339
3 52 151.059 1.04892 13.2965 1.15071 1395
3 53 149.474 0.896184 10.4711 1.09695 1538
3 54 152.836 1.11914 10.9047 0.963201 1301
3 55 148.508 0.888231 10.2468 1.12928 1348
3 56 154.529 1.13602 14.5488 1.12046 1469
3 57 152.332 1.19139 14.3299 1.01223 1396
3 58 147.954 1.02165 12.1006 1.23601 1322
3 59 150.655 1.02426 11.4107 1.16222 1415
3 60 150.773 1.09955 12.251 1.27863 1238
3 61 153.161 1.11998 14.2123 1.14447 1423
3 62 151.141 1.03955 12.1186 1.10028 1382
3 63 148.271 1.11431 11.5485 1.27562 1273
4 0 153.148 1.13382 14.9509 1.23785 1731
4 1 153.323 1.29852 16.2112 1.34232 1770
4 2 151.748 0.926715 11.4298 1.36253 1678
4 3 159.643 1.13739 12.4948 1.08597 1107
4 4 163.534 1.10104 12.7756 1.01923 1206
4 5 158.321 1.21884 13.4656 1.10656 1170
4 6 153.899 1.12811 14.4623 1.09172 1506
4 7 157.161 1.90409 16.6401 1.05794 952
4 8 154.375 1.05887 12.5711 1.14523 1383
4 9 156.002 1.05729 11.9541 1.14252 1439
4 10 146.498 1.21156 10.97 0.946861 1124
4 11 152.812 1.03851 10.2751 0.940889 1457
4 12 156.37 1.00265 12.3407 1.2449 1231
4 13 151.727 1.24043 12.381 0.994064 1074
4 14 155.615 0.970191 13.0439 1.45131 1766
4 15 163.14 1.39806 14.6611 0.915767 1112
4 16 159.706 1.8544 15.0117 1.08654 1060
4 17 154.461 1.13468 14.4294 1.32873 1473
4 18 154.167 1.07113 10.9041 1.14695 1208
4 19 159.027 2.314 20.0762 1.13625 1007
4 20 154.483 1.24756 12.9543 1.18496 1169
4 21 154.108 1.11345 11.3793 1.3138 1456
4 22 157.575 1.46084 14.2413 1.17802 1087
4 23 153.54 1.07956 11.6806 1.12985 1478
4 24 153.218 0.981843 11.9026 1.28473 1586
4 25 153.046 2.9621 20.9141 1.01866 875
4 26 152.752 1.05479 13.5316 1.13218 1495
4 27 154.495 0.906701 8.81936 1.02158 1169
4 28 155.174 1.25657 12.0091 1.12651 998
4 29 152.719 1.06134 11.8583 1.14511 1507
4 30 150.413 1.06266 11.9966 1.20032 1178
4 31 150.462 1.42469 12.7541 1.03428 980
4 32 153.751 1.48404 13.0493 1.00298 1016
4 33 151.21 1.00791 11.3846 1.2571 1265
4 34 157.194 1.18348 16.3343 1.29188 1726
4 35 153.965 1.23862 12.4111 0.892312 948
4 36 155.179 1.30582 12.3805 1.08881 1135
4 37 0 0 0 0 0
4 38 150.984 1.37897 11.9287 1.15932 1040
4 39 148.888 0.93976 12.2847 1.06267 1382
4 40 142.997 1.0319 10.3899 1.2008 1215
4 41 157.661 1.83523 15.68 1.01405 878
4 42 155.237 0.955301 11.8315 1.32195 1337
4 43 145.779 0.843289 11.367 1.19646 1570
4 44 154.323 1.27872 12.2857 1.08977 997
4 45 151.734 1.02311 11.3966 0.972132 1159
4 46 151.66 1.01215 12.9711 1.14807 1704
4 47 157.227 1.52011 13.9442 1.07249 1020
4 48 158.39 1.2066 12.2264 0.994215 1204
4 49 144.755 0.87902 10.7266 1.22629 1447
4 50 151.949 1.22585 12.4595 0.887091 1214
4 51 153.106 1.10109 14.9328 1.52551 1746
4 52 155.807 0.971584 11.3771 1.004 1623
4 53 158.942 1.75025 15.7635 0.964796 1023
4 54 148.697 1.06352 12.4973 0.958887 1162
4 55 149.197 0.954121 12.4229 1.36239 1600
4 56 148.19 0.946031 9.98135 1.18148 1427
4 57 148.735 1.09887 13.901 1.25425 1587
4 58 146.666 0.926209 11.1808 1.03348 1242
4 59 148.814 0.983757 11.6356 1.24886 1708
4 60 152.371 1.06828 10.9903 1.00569 1185
4 61 147.05 0.974385 14.2351 1.35217 1962
4 62 152.516 1.08988 12.9592 1.34628 1523
4 63 151.154 1.04364 12.3966 1.15 1384
5 0 152.918 0.78916 11.1388 1.3785 1818
5 1 153.209 0.985029 12.3456 1.28667 1742
5 2 150.823 0.897435 12.9412 1.25719 1721
5 3 152.181 0.996427 12.8978 1.23433 1656
5 4 152.998 0.892343 11.9757 1.1049 1578
5 5 150.535 0.829396 9.87385 1.12502 1632
5 6 149.626 0.890335 11.9315 1.33657 1702
5 7 153.28 0.952808 13.0265 1.4266 1931
5 8 151.035 0.909977 11.8139 1.13456 1524
5 9 150.715 0.806678 10.6366 1.1401 1721
5 10 157.227 1.00067 12.8605 1.16227 1784
5 11 149.584 0.791359 9.92659 1.11051 1626
5 12 156.06 0.890833 12.1464 1.11519 1691
5 13 154.801 0.842107 11.1484 1.28917 1618
5 14 151.248 1.02651 13.8082 1.2776 1713
5 15 151.579 0.839196 11.0511 1.25479 1576
5 16 157.319 1.13725 16.7219 1.70677 2090
5 17 158.358 0.96108 13.1664 1.29479 1587
5 18 152.726 0.856551 10.0206 1.24035 1564
5 19 156.536 1.00825 14.8704 1.27646 1867
5 20 150.567 0.86584 11.0418 1.26333 1553
5 21 155.768 0.950986 13.2465 1.37232 1783
5 22 157.03 0.898934 11.7973 1.43287 1703
5 23 158.203 1.01102 12.1163 0.963389 1578
5 24 158.924 1.07476 14.6921 1.13298 1604
5 25 155.854 0.994451 14.1003 1.29923 1844
5 26 154.786 0.887665 11.847 1.51424 1649
5 27 154.007 1.03796 9.05404 1.17273 1572
5 28 155.229 0.927418 12.2947 1.0547 1583
5 29 154.878 0.966652 13.0227 0.95978 1635
5 30 153.442 0.874759 10.6545 1.19562 1564
5 31 155.681 1.11796 13.784 1.18559 1803
5 32 157.984 0.925863 12.6017 1.0916 1595
5 33 154.762 0.957785 11.9644 1.11126 1564
5 34 155.846 0.924897 13.0456 1.27729 1680
5 35 157.603 0.963401 12.5033 1.2731 1811
5 36 148.849 0.930672 11.5257 1.19632 1527
5 37 0 0 0 0 0
5 38 159.017 1.10466 14.0898 1.2405 1922
5 39 153.713 1.0551 14.4885 1.21444 1814
5 40 154.099 1.01162 14.6342 1.02579 1492
5 41 157.212 0.909526 11.7977 1.15937 1659
5 42 148.747 1.07611 7.84322 0.943175 1540
5 43 153.358 1.02038 12.66 1.18668 1624
5 44 154.07 1.12125 14.1842 1.22826 1670
5 45 155.265 1.09311 13.6907 1.20275 1585
5 46 158.628 1.04297 14.7397 1.27588 1638
5 47 154.216 1.14992 14.63 1.50396 2108
5 48 153.508 0.986383 12.7896 1.22563 1512
5 49 156.095 1.03466 11.9949 1.5846 1612
5 50 160.863 1.015 14.5761 1.05168 1666
5 51 156.925 0.994393 13.2489 1.51886 1935
5 52 155.822 0.980385 9.64032 1.32177 1608
5 53 158.478 1.04978 14.2889 1.27829 1953
5 54 152.008 1.10464 14.2117 1.27729 1612
5 55 0 0 0 0 0
5 56 152.688 0.957324 12.6609 1.42211 1774
5 57 154.887 0.959874 13.1197 1.3543 1817
5 58 156.628 0.8847 12.5389 1.15875 1664
5 59 157.603 1.15685 12.8087 1.41734 1640
5 60 150.473 0.977743 12.8118 1.15375 1790
5 61 155.121 1.22799 16.4491 1.48868 1993
5 62 157.695 1.24762 16.419 1.41276 1705
5 63 157.146 1.30732 15.1269 1.46755 1620
6 0 155.071 1.03978 14.3573 1.40586 1757
6 1 151.861 1.09019 13.7176 1.29542 1587
6 2 154.465 1.12422 14.778 1.33198 1519
6 3 152.778 1.36651 13.9593 0.877557 1003
6 4 152.979 1.05974 11.6623 1.00748 1330
6 5 155.425 0.984075 12.6423 1.08597 1407
6 6 155.886 0.956055 11.2854 1.19402 1615
6 7 152.617 1.27038 10.9252 0.920002 1063
6 8 146.585 1.0015 10.2902 1.01285 1383
6 9 153.126 1.03909 11.8774 1.25004 1235
6 10 147.752 1.22679 10.612 1.08154 994
6 11 152.931 0.930348 11.652 0.996843 1504
6 12 153.962 1.31446 14.3423 1.13448 1280
6 13 155.163 1.93717 15.6578 1.21968 952
6 14 152.104 1.04913 15.06 1.42057 1845
6 15 152.098 1.18937 11.948 0.903979 1020
6 16 157.66 1.53199 13.4088 1.11394 1064
6 17 152.942 0.884131 10.8132 1.27521 1649
6 18 153.886 1.16555 11.8566 1.20686 1017
6 19 156.24 2.13684 16.6056 1.09454 914
6 20 150.978 1.05781 11.0278 1.36147 1121
6 21 155.84 1.06501 12.7504 1.0863 1476
6 22 152.846 1.1941 10.6451 0.894369 967
6 23 147.627 0.987815 10.8188 1.22751 1311
6 24 152.623 0.938157 12.6247 1.15002 1596
6 25 148.52 1.57111 14.7503 1.18055 959
6 26 156.472 1.01601 13.0426 1.26743 1552
6 27 155.114 1.24887 11.1524 0.996041 916
6 28 150.455 1.21022 9.72384 0.944807 906
6 29 151.086 1.00172 7.84849 0.989812 1631
6 30 157.736 1.82671 16.1883 1.35639 987
6 31 154.684 1.41516 11.0111 1.10281 992
6 32 155.909 1.08229 11.3954 0.944019 1052
6 33 152.879 1.36041 13.4469 0.971732 931
6 34 150.629 0.889404 13.0832 1.26494 1768
6 35 154.075 1.73613 13.8718 1.04848 892
6 36 153.41 1.07859 10.8926 0.921345 936
6 37 0 0 0 0 0
6 38 156.987 1.78814 13.9425 0.878668 777
6 39 145.005 1.00436 8.57966 0.94355 1147
6 40 150.378 1.64978 13.237 1.09745 958
6 41 156.799 1.23821 12.7535 0.883256 962
6 42 151.781 1.29526 12.0492 0.945834 970
6 43 150.867 0.92158 10.7953 1.24398 1485
6 44 148.434 1.24812 11.3114 0.905551 849
6 45 147.351 1.00777 10.8264 1.00032 1093
6 46 152.06 0.912564 12.1648 1.3849 1615
6 47 153.26 1.63571 11.1398 1.21438 1034
6 48 145.257 0.959865 9.46863 1.05084 1125
6 49 158.235 1.813 16.5344 1.12746 969
6 50 148.863 1.08868 11.4501 1.14358 1064
6 51 145.765 1.1002 12.275 1.32475 1233
6 52 150.785 1.55107 13.8754 1.25563 1085
6 53 151.16 1.16751 10.9044 1.1113 963
6 54 147.806 1.01641 9.90776 1.00925 1021
6 55 147.568 0.998822 11.3265 1.26942 1158
6 56 151.078 0.901382 7.54286 1.49406 1273
6 57 144.177 0.921206 9.59125 1.18474 1159
6 58 146.955 1.05007 9.5471 1.14518 1004
6 59 148.635 0.963647 12.0321 1.37539 1559
6 60 154.262 1.44695 8.97993 1.13046 1000
6 61 147.148 0.863932 10.4892 1.54509 1393
6 62 145.16 0.97253 12.2224 1.13915 1340
6 63 143.747 1.11794 11.6141 0.870583 1081
7 0 152.809 0.893158 10.6104 1.18212 1386
7 1 151.99 1.30379 7.3413 0.93933 1322
7 2 154.183 0.932642 10.2321 1.20025 1373
7 3 148.889 0.723311 10.4688 1.32191 1757
7 4 156.429 0.918783 11.1524 1.02004 1567
7 5 151.249 0.839392 10.1613 0.969615 1462
7 6 150.612 0.819473 10.1869 1.34699 1434
7 7 153.339 0.866632 10.2147 1.28059 1847
7 8 155.33 0.863802 11.8281 1.09554 1583
7 9 154.029 0.754603 10.241 1.2848 1520
7 10 149.041 0.874863 8.99484 1.25137 1575
7 11 151.13 0.910923 11.1442 1.13959 1339
7 12 150.01 0.755763 9.72291 1.15039 1668
7 13 155.45 0.834776 10.195 1.1719 1393
7 14 150.514 0.936701 11.3048 1.21951 1345
7 15 158.593 1.02075 14.5159 1.09739 1560
7 16 154.363 0.941539 9.54352 1.38404 1694
7 17 156.894 0.822133 13.4025 1.11286 1685
7 18 152.072 0.882225 10.2008 1.12924 1569
7 19 154.217 0.807823 10.0654 1.31277 1661
7 20 148.613 0.824821 10.0884 1.24627 1505
7 21 149.746 0.989154 7.67127 1.09751 1508
7 22 152.249 0.862696 11.05 0.967867 1734
7 23 147.127 0.867306 9.7159 1.00847 1548
7 24 152.387 0.768089 9.33147 1.16519 1444
7 25 155.843 1.0532 14.9057 1.1633 1726
7 26 153.266 0.78304 11.0574 1.00752 1680
7 27 152.811 0.906581 10.6121 1.00083 1500
7 28 152.742 0.939387 11.3223 1.27129 1571
7 29 149.201 0.88682 10.4443 1.21816 1636
7 30 151.839 0.875167 10.6453 1.17555 1489
7 31 153.101 0.858645 10.993 1.37598 1778
7 32 153.989 0.884943 9.93469 1.06131 1439
7 33 154.606 0.898487 14.0231 1.0579 1645
7 34 153.35 0.794744 10.2611 0.935737 1672
7 35 158.239 0.879168 13.0218 1.47337 1847
7 36 151.761 0.816836 10.9632 1.13919 1625
7 37 0 0 0 0 0
7 38 151.518 1.07613 13.5821 1.52774 1995
7 39 154.157 0.998806 14.1378 1.74913 1828
7 40 151.507 1.02973 12.3894 1.03101 1464
7 41 154.759 0.904957 11.1315 1.33757 1486
7 42 148.078 0.840085 10.0497 1.22466 1642
7 43 150.514 0.874762 11.2971 1.07894 1514
7 44 153.241 0.867212 12.596 1.18428 1765
7 45 154.046 0.858095 10.4134 1.14801 1646
7 46 154.022 0.958875 12.138 1.21648 1516
7 47 152.778 0.89578 13.6676 1.44856 2197
7 48 150.286 1.00618 12.6764 1.08598 1396
7 49 145.998 0.718808 10.717 1.29653 1619
7 50 149.737 0.831117 10.8192 1.28512 1722
7 51 148.57 0.870977 11.6932 1.30927 1909
7 52 151.743 0.905125 11.7012 1.21378 1630
7 53 153.668 0.872135 12.8147 1.51228 2030
7 54 155.297 0.962319 11.2122 1.18133 1724
7 55 153.153 0.910779 13.1589 1.23149 1734
7 56 146.892 0.872307 10.6269 1.33516 1698
7 57 151.049 0.902859 11.3163 1.23824 1887
7 58 147.653 0.81572 10.8811 1.21765 1734
7 59 146.822 0.902539 11.62 1.19335 1611
7 60 150.139 0.864713 12.429 1.3823 1832
7 61 152.397 0.838605 13.1235 1.5409 2068
7 62 147.126 0.960187 12.4459 1.45008 1780
7 63 150.64 1.03053 14.7587 1.21162 1653
8 0 142.511 3.82795 26.4586 0.841657 643
8 1 143.152 2.23137 13.6206 0.996785 675
8 2 138.673 1.48551 12.4286 0.84728 771
8 3 145.465 1.61022 13.8323 1.0756 773
8 4 139.339 1.23579 12.1975 0.966744 808
8 5 138.751 1.78037 9.41812 0.956987 795
8 6 140.701 1.27572 8.26811 1.08368 877
8 7 136.327 1.68142 12.2387 0.893476 867
8 8 140.273 1.02375 8.73747 0.954186 877
8 9 141.001 2.28664 14.5736 1.05821 849
8 10 142.034 1.61095 13.5552 0.936316 873
8 11 0 0 0 0 0
8 12 136.367 1.06465 8.18505 0.934272 817
8 13 141.286 1.69527 12.8234 1.35375 921
8 14 144.642 1.46559 12.3552 0.859649 762
8 15 149.434 1.4528 13.4978 0.897049 884
8 16 137.283 1.84956 11.2954 1.11539 903
8 17 141.315 1.3723 13.103 0.917031 880
8 18 146.333 1.23679 11.2317 0.905552 847
8 19 146.76 1.20808 11.8877 1.07796 1098
8 20 142.95 1.91731 15.9802 1.17965 857
8 21 140.664 1.41675 15.604 1.07839 879
8 22 143.519 1.2611 10.7295 1.0318 815
8 23 142.814 1.57976 13.5 1.1337 850
8 24 144.76 1.11933 9.48673 1.087 798
8 25 144.132 1.11239 11.136 1.06974 1236
8 26 145.344 1.7519 14.4624 0.908589 796
8 27 148.693 1.29649 12.5232 0.937429 950
8 28 144.454 1.15306 11.6702 1.04635 1012
8 29 140.75 1.62565 11.6232 0.994641 735
8 30 143.449 1.23709 10.0964 0.89818 915
8 31 145.76 1.5457 14.3625 1.39584 1292
8 32 148.459 1.25009 12.5632 1.17123 1141
8 33 149.912 1.48453 11.9018 0.928523 952
8 34 139.852 1.27544 10.9709 0.961718 779
8 35 145.773 1.04199 13.0262 1.44251 1494
8 36 144.188 1.98651 13.9879 1.09295 894
8 37 0 0 0 0 0
8 38 146.573 1.16236 13.4328 1.08865 1461
8 39 142.465 1.08898 13.3102 1.34811 1398
8 40 142.022 1.0751 10.2234 1.03521 1002
8 41 141.495 0.847101 11.2994 1.18559 1355
8 42 141.353 1.25072 12.0673 0.774857 888
8 43 144.884 1.81292 13.7534 1.08156 787
8 44 139.41 1.02838 11.6675 1.21318 1444
8 45 142.968 1.11611 11.0425 1.09088 1094
8 46 138.606 1.84534 13.3697 1.03953 757
8 47 141.039 1.27927 15.0317 1.20557 1689
8 48 147.392 1.72855 13.8107 1.16471 984
8 49 140.755 1.06528 10.5008 1.10755 1002
8 50 143.281 0.899365 10.1206 1.37709 1358
8 51 135.205 0.857497 9.39256 1.1613 1072
8 52 144.411 1.33059 12.2085 1.05478 969
8 53 139.854 0.997601 12.9389 1.4147 1480
8 54 138.884 1.25482 12.6655 1.07374 1115
8 55 138.874 0.972176 10.5538 1.12317 1053
8 56 141.316 1.229 13.3045 1.24443 1196
8 57 145.757 1.44819 14.8733 0.930766 1062
8 58 142.181 1.71905 14.6182 0.965127 949
8 59 139.39 1.20058 10.6021 1.36034 848
8 60 137.783 1.07205 11.7055 1.38437 1430
8 61 142.407 1.47442 15.2522 1.15046 1081
8 62 142.513 1.45403 13.6333 0.991375 979
8 63 142.721 1.37818 13.3497 1.19314 1006
9 0 152.548 1.74624 16.1716 0.95664 1003
9 1 146.089 6.20551 48.3163 0.882405 754
9 2 143.853 5.40936 35.7218 0.769375 634
9 3 164.663 16.6126 45.09 0.476534 386
9 4 152.526 12.9232 62.8498 0.585318 483
9 5 152.113 4.33066 18.2954 0.753098 500
9 6 148.405 9.37561 52.9668 0.6188 503
9 7 148.005 11.2162 48.1697 0.579237 427
9 8 149.451 5.63142 34.5078 0.878826 593
9 9 150.047 8.16623 41.7462 0.487474 424
9 10 149.616 11.6083 59.1463 0.520245 449
9 11 145.854 9.51586 53.9109 0.682732 558
9 12 152.814 7.48678 38.3315 0.660723 459
9 13 153.702 12.6157 52.9963 0.444201 345
9 14 156.743 2.87015 22.9939 0.887957 801
9 15 141.839 10.0519 50.66 0.448661 391
9 16 140.217 9.4971 51.668 0.507886 475
9 17 151.675 6.25709 42.631 0.717193 628
9 18 147.92 11.0365 54.7727 0.561747 425
9 19 143.746 19.6446 77.1051 0.419855 373
9 20 147.447 3.52492 15.6305 0.724732 465
9 21 149.798 5.02165 22.2413 0.800451 499
9 22 153.89 10.1127 51.2391 0.581575 421
9 23 158.3 7.04146 37.7001 0.764188 513
9 24 137.106 6.69966 47.1701 0.864944 686
9 25 153.445 13.5839 39.3455 0.401395 368
9 26 155.061 7.61832 51.3659 0.81407 681
9 27 158.33 6.21919 28.0338 0.517528 379
9 28 145.947 22.8666 81.9798 0.31559 319
9 29 157.024 6.06881 42.9399 0.765881 643
9 30 142.447 4.99311 20.7316 0.661362 404
9 31 169.635 27.9775 92.392 0.376643 358
9 32 154.012 10.0789 37.9298 0.415596 294
9 33 149.624 6.38921 28.0277 0.383965 358
9 34 156.878 3.26354 21.7068 0.748046 634
9 35 153.529 14.8894 58.7844 0.385777 340
9 36 144.854 12.8182 57.0551 0.449639 376
9 37 0 0 0 0 0
9 38 143.925 16.6093 70.1272 0.395886 323
9 39 143.571 16.6012 67.7832 0.403099 332
9 40 159.69 20.6389 78.3565 0.510552 389
9 41 137.261 13.2857 54.5863 0.498304 326
9 42 136.911 6.87874 31.3735 0.638329 398
9 43 0 0 0 0 0
9 44 146.601 15.1761 57.8398 0.388261 283
9 45 143.825 12.2025 56.3763 0.473388 370
9 46 156.897 2.13807 17.2284 0.755123 729
9 47 146.229 28.909 99.998 0.348987 307
9 48 153.94 11.9892 46.6323 0.484041 356
9 49 139.285 10.5457 57.0697 0.617799 478
9 50 151.018 10.5443 41.8631 0.472998 338
9 51 142.229 10.1518 56.8092 0.666283 521
9 52 149.764 5.04856 27.2656 0.79926 571
9 53 147.426 14.8755 60.4043 0.446234 350
9 54 159.973 9.48289 37.3058 0.366237 323
9 55 150.971 13.6231 68.8141 0.57739 501
9 56 146.433 29.5463 97.4621 0.5234 379
9 57 150.016 10.4156 50.4221 0.506028 436
9 58 140.285 4.73277 19.8349 0.510516 348
9 59 154.094 2.58229 15.072 0.909969 705
9 60 153.375 11.9153 44.1066 0.40622 339
9 61 139.878 6.83515 43.8167 0.72844 591
9 62 145.185 6.19543 41.516 0.777784 615
9 63 149.084 8.88193 44.6373 0.588647 465
10 0 149.974 1.28461 16.0144 0.79476 1250
10 1 153.189 0.984852 12.1932 0.995646 1327
10 2 145.628 1.22899 14.4846 1.07265 1328
10 3 147.914 0.864114 12.4101 1.2845 1645
10 4 146.168 0.867657 10.3598 1.01915 1558
10 5 146.293 0.863205 11.3838 1.19809 1556
10 6 148.752 0.855407 11.8804 0.99732 1559
10 7 153.767 0.916174 13.237 1.12961 1994
10 8 148.431 0.983053 11.6799 1.22094 1357
10 9 158.316 1.04572 14.0875 1.14491 1705
10 10 146.365 0.981709 14.3372 1.01674 1751
10 11 148.874 0.808211 10.0275 1.21608 1438
10 12 147.832 0.924827 8.51762 0.919222 1594
10 13 150.436 1.05797 13.3555 1.29608 1645
10 14 151.419 1.13627 13.5407 1.09516 1258
10 15 154.312 0.879354 11.8198 1.32729 1661
10 16 157.002 1.05255 16.5966 1.28341 2012
10 17 148.095 1.04529 12.0616 1.2033 1267
10 18 150.241 0.860344 10.6584 1.03267 1574
10 19 147.913 0.915648 12.7178 1.2705 1960
10 20 145.64 0.894149 11.9723 0.970372 1528
10 21 147.409 0.904541 12.819 1.04093 1614
10 22 151.306 0.908754 11.8048 1.07704 1717
10 23 148.584 0.951851 12.5038 1.21748 1529
10 24 154.345 1.21662 13.3363 1.09286 1233
10 25 153.327 1.01939 14.5679 1.54145 2084
10 26 147.128 1.13967 13.2286 1.29721 1195
10 27 149.549 0.923877 13.0104 1.13721 1660
10 28 154.207 0.930825 13.8046 1.40652 1767
10 29 150.464 0.94824 11.1267 1.14032 1329
10 30 152.104 1.00988 14.0963 1.13843 1588
10 31 147.855 1.01239 16.7375 1.21243 2153
10 32 150.906 1.03742 15.1776 1.33688 1810
10 33 149.592 0.878502 12.2732 1.13502 1684
10 34 148.769 1.07036 13.0009 1.1061 1288
10 35 148.862 0.915776 13.3471 1.40006 2186
10 36 149.969 0.95823 10.9775 1.16811 1676
10 37 0 0 0 0 0
10 38 153.016 0.912494 15.8937 1.50055 2354
10 39 151.993 0.956773 14.6388 1.20877 2041
10 40 143.546 0.734372 11.1891 1.12491 1673
10 41 148.952 0.799674 12.1297 1.15375 1817
10 42 155.35 0.999108 13.8249 1.13178 1581
10 43 151.265 0.988703 12.9866 1.1139 1451
10 44 150.636 0.878 14.0929 1.24435 2032
10 45 151.266 0.841241 11.8562 1.11224 1782
10 46 150.071 1.09852 12.7341 1.27782 1316
10 47 151.762 1.02189 18.3259 1.43209 2679
10 48 149.846 1.21701 13.4965 1.11822 1083
10 49 145.834 0.807655 10.5424 1.26364 1694
10 50 151.532 0.971689 14.4193 0.995147 1867
10 51 146.172 0.958401 13.4424 1.10669 1997
10 52 0 0 0 0 0
10 53 154.099 0.918945 15.8839 1.44422 2410
10 54 152.752 0.80429 12.524 1.24264 1882
10 55 148.419 0.939542 12.177 1.00788 1689
10 56 149.741 1.62926 16.6776 1.15445 1237
10 57 150.789 0.879745 12.0856 1.06643 1951
10 58 145.975 0.942977 13.2466 0.949747 1773
10 59 146.122 2.6712 19.7161 0.984549 826
10 60 145.245 0.879215 13.9497 1.35428 2157
10 61 150.162 1.58039 14.3547 1.05527 1068
10 62 151.005 1.20632 14.9288 1.11885 1434
10 63 146.937 1.54965 13.6296 0.913501 1020
11 0 146.488 1.96387 20.3941 1.23789 1298
11 1 144.046 1.73693 16.1562 1.00276 1080
11 2 146.095 2.63246 20.6086 1.00613 838
11 3 146.212 6.66593 31.6851 0.692611 468
11 4 145.143 2.46802 13.7957 0.860824 621
11 5 140.517 2.31188 13.6702 0.950842 675
11 6 139.375 6.51921 50.881 0.866653 823
11 7 136.471 6.25535 38.1817 0.707703 525
11 8 141.858 1.46135 11.8227 1.04785 783
11 9 144.412 11.037 63.6246 0.744585 588
11 10 132.118 10.215 55.5593 0.729037 561
11 11 142.053 1.84839 13.681 1.14014 761
11 12 133.594 5.05643 31.1471 0.814084 585
11 13 143.506 6.36775 34.5151 0.68764 493
11 14 145.352 1.90399 16.3139 1.04367 1092
11 15 133.487 9.34323 49.7135 0.76805 486
11 16 143.668 8.3555 50.9321 0.809636 586
11 17 148.88 2.25801 16.5647 1.01727 903
11 18 139.977 4.45494 25.2128 0.822632 572
11 19 144.416 7.39252 42.8608 0.600511 503
11 20 138.99 2.25239 14.3986 0.928415 693
11 21 133.111 3.36391 20.6466 0.969888 649
11 22 146.107 5.01307 27.4836 0.741785 515
11 23 146.205 1.944 13.2444 0.975128 739
11 24 140.67 2.00755 16.2731 1.00443 872
11 25 142.094 9.85735 49.1951 0.713349 447
11 26 142.898 1.55706 15.0619 1.17629 994
11 27 139.92 6.42718 36.9654 0.762086 483
11 28 144.107 4.94258 26.6666 0.701449 472
11 29 141.961 1.58889 13.0386 0.567579 866
11 30 145.251 4.23905 24.3033 0.652788 536
11 31 141.363 6.6397 29.8369 0.664436 452
11 32 0 0 0 0 0
11 33 143.528 4.30317 24.2464 0.654856 503
11 34 147.272 1.32594 12.9038 1.10846 1005
11 35 131.529 11.1978 54.9184 0.544779 423
11 36 149.541 9.6149 55.4974 0.661079 520
11 37 0 0 0 0 0
11 38 141.244 7.79761 43.4066 0.469772 453
11 39 141.355 10.0747 58.723 0.697957 516
11 40 139.861 6.6766 41.0697 0.724738 561
11 41 133.05 8.87979 48.1947 0.567012 442
11 42 147.684 9.85123 51.869 0.652314 514
11 43 139.972 2.14911 13.8363 0.933445 856
11 44 136.97 7.35027 37.6149 0.613621 433
11 45 139.055 4.40597 26.5349 0.635494 509
11 46 141.319 1.2756 13.1327 1.30191 1048
11 47 138.955 10.6389 56.5194 0.570914 466
11 48 145.696 8.70106 45.6799 0.562734 479
11 49 139.884 5.09963 34.7878 1.00046 677
11 50 142.122 3.05602 14.4474 0.804167 473
11 51 140.864 2.08046 14.179 0.781563 796
11 52 138.75 2.00951 11.1119 1.02563 818
11 53 143.751 7.65087 43.116 0.676637 507
11 54 139.855 4.06425 20.1471 0.825127 513
11 55 136.088 1.59265 12.2649 0.947088 792
11 56 139.342 4.08354 24.8534 0.604785 573
11 57 134.019 2.62486 15.3294 0.861322 658
11 58 143.202 3.07094 18.0351 0.739151 554
11 59 141.919 1.85103 13.8986 1.13461 964
11 60 143.275 3.57494 19.559 0.660849 520
11 61 141.618 1.55339 15.2095 1.19207 1001
11 62 138.885 1.18808 11.8958 0.968422 970
11 63 137.304 6.74414 44.9752 0.803038 591
12 0 149.554 1.37375 15.0278 1.25595 1346
12 1 146.158 1.01053 14.2126 1.40749 1669
12 2 149.423 1.06761 13.1271 1.31813 1529
12 3 150.445 1.05228 13.03 1.18068 1338
12 4 146.282 1.01145 12.2216 1.26443 1259
12 5 146.246 0.888523 11.6158 1.27184 1432
12 6 154.127 0.969249 11.5418 1.55172 1600
12 7 148.513 0.990123 14.5879 1.56737 2049
12 8 147.909 0.949183 10.0379 1.0886 1411
12 9 145.034 0.885442 11.5851 1.37577 1819
12 10 152.664 0.950871 13.7008 1.34524 1903
12 11 149.139 0.893737 11.1469 1.23549 1397
12 12 148.081 0.817803 10.1433 1.16676 1321
12 13 150.949 0.872959 11.747 1.28711 1701
12 14 149.68 1.38286 14.2095 1.12167 1230
12 15 150.532 1.00404 13.6411 1.28917 1567
12 16 150.362 1.05455 14.4797 1.42134 1979
12 17 147.729 0.944907 10.7559 1.09016 1413
12 18 150.879 0.922582 11.7378 0.937879 1336
12 19 154.488 0.928198 12.1794 1.48052 1980
12 20 147.374 0.92808 13.5205 0.820763 1481
12 21 152.607 0.968959 11.6888 1.33448 1654
12 22 147.333 0.928736 12.2218 1.49873 1668
12 23 149.306 0.962827 11.1742 1.02464 1423
12 24 148.355 0.997269 10.4526 1.08953 1453
12 25 151.895 0.909239 11.8681 1.67191 1919
12 26 152.109 1.20569 14.0125 1.00608 1199
12 27 151.037 1.00095 11.97 1.12292 1539
12 28 155.892 0.846468 11.6877 1.31651 1682
12 29 149.938 0.940522 10.2442 1.12019 1372
12 30 148.787 0.922553 12.0795 1.50115 1479
12 31 147.476 0.828544 10.5304 1.61566 1894
12 32 149.693 0.991215 12.6565 1.13135 1631
12 33 153.005 0.904076 11.2761 1.23815 1516
12 34 151.192 1.53428 14.6899 1.19778 1194
12 35 148.642 0.968131 12.1966 1.43456 1954
12 36 147.671 0.970732 12.1695 1.30652 1429
12 37 0 0 0 0 0
12 38 148.018 1.13329 13.8237 1.39624 1957
12 39 149.043 0.79336 10.4918 1.19821 1604
12 40 145.184 0.880224 9.9085 1.50362 1287
12 41 153.464 0.963393 12.5892 1.17943 1640
12 42 148.071 0.862632 11.158 1.28147 1451
12 43 148.428 1.00303 10.1113 0.965071 1411
12 44 152.273 1.03438 12.8221 1.26509 1713
12 45 148.797 0.856058 11.5804 1.13958 1608
12 46 156.45 1.30829 13.1912 1.23426 1147
12 47 151.478 0.934191 15.0308 1.62828 2153
12 48 148.563 0.948355 11.9928 0.964189 1479
12 49 147.165 0.983807 10.5664 0.957242 1467
12 50 152.588 1.0066 12.5572 1.40766 1418
12 51 146.018 1.09296 12.353 1.33457 1332
12 52 149.266 0.996781 9.99542 1.21954 1414
12 53 152.616 1.02174 15.1082 1.03809 1606
12 54 149.79 0.881822 10.8965 1.0695 1516
12 55 150.284 0.818831 10.4114 1.44025 1415
12 56 149.746 0.957873 12.7269 1.07378 1638
12 57 142.643 0.894527 10.9473 1.1595 1571
12 58 147.488 0.94023 12.441 1.15239 1472
12 59 150.172 1.15735 12.6973 1.1917 1200
12 60 151.439 0.876008 12.2499 1.30809 1828
12 61 145.397 1.4302 14.5336 0.962244 1222
12 62 152.12 1.03678 10.8266 0.905663 1261
12 63 146.332 0.897487 10.1567 1.16982 1444
13 0 146.97 1.4169 15.3629 1.16171 1330
13 1 144.888 1.3566 13.7479 1.21376 1084
13 2 147.622 1.40903 14.2628 0.975829 950
13 3 142.553 7.57997 47.4386 0.761193 553
13 4 142.699 1.86994 13.071 0.929594 745
13 5 142.043 1.63564 13.0856 0.946167 825
13 6 137.452 2.63545 19.2649 0.886332 744
13 7 134.234 10.3117 56.7176 0.578892 492
13 8 143.078 2.16363 15.0948 1.03964 917
13 9 134.247 4.92073 28.9894 0.854521 604
13 10 148.615 8.66649 51.8065 0.731849 580
13 11 145.421 2.71856 18.3585 1.08482 843
13 12 148.995 2.60741 15.6341 0.70217 687
13 13 153.368 8.68079 50.6081 0.507648 458
13 14 149.249 1.47638 15.7852 1.30643 1211
13 15 145.224 3.69216 20.7591 0.805477 565
13 16 148.511 6.10583 40.4181 0.644534 555
13 17 145.983 1.64616 13.3927 1.00752 970
13 18 145.022 3.85709 24.7634 0.822607 594
13 19 139.977 10.9449 56.2366 0.642943 463
13 20 141.286 3.00052 20.3146 0.921071 752
13 21 148.913 7.80769 48.1148 0.870431 658
13 22 143.154 9.0037 51.7993 0.679364 492
13 23 145.166 2.0909 15.643 1.24315 860
13 24 144.172 1.29664 9.77798 1.02664 997
13 25 145.886 9.01381 54.3254 0.644351 508
13 26 147.198 1.39299 14.5382 1.07221 1213
13 27 145.628 2.93518 16.6748 0.548736 557
13 28 137.195 7.0237 40.3933 0.751379 520
13 29 139.483 1.11261 10.5435 1.2487 951
13 30 143.303 3.16172 13.7126 0.859564 629
13 31 149.138 6.70371 37.8373 0.766018 538
13 32 148.563 7.03265 43.5442 0.758363 538
13 33 143.892 7.9102 46.9405 0.716072 487
13 34 145.371 1.15103 12.4894 1.30415 1181
13 35 144.702 10.1887 57.901 0.693737 520
13 36 141.364 2.54412 13.411 0.831532 617
13 37 0 0 0 0 0
13 38 138.748 10.4239 57.7629 0.716355 531
13 39 144.323 2.39909 15.862 1.05337 744
13 40 143.79 2.71243 20.0258 1.09266 811
13 41 144.932 7.99418 43.6745 0.781879 541
13 42 151.184 2.63376 19.7265 0.86222 773
13 43 140.292 1.55148 13.0318 1.23207 978
13 44 138.772 9.86932 56.7394 0.742415 521
13 45 141.144 3.40859 17.5276 0.775095 537
13 46 148.061 1.5178 15.3859 1.02211 1198
13 47 135.656 5.74911 41.3026 0.853147 635
13 48 144.606 5.92555 39.4001 0.955405 666
13 49 149.691 2.02605 15.4092 0.953593 912
13 50 147.271 5.14539 30.6019 0.569021 540
13 51 141.962 1.354 13.6541 1.24665 1143
13 52 151.407 1.85693 13.2361 0.903633 947
13 53 144.714 4.84192 30.3683 0.709685 574
13 54 143.727 2.68373 17.4636 0.903991 708
13 55 145.919 1.8628 15.0706 1.08411 991
13 56 140.897 1.95624 15.3594 1.09117 905
13 57 147.582 2.10047 16.9266 1.01959 937
13 58 0 0 0 0 0
13 59 145.787 1.39251 13.9576 1.27808 1162
13 60 136.745 4.18614 25.8811 0.669057 588
13 61 146.364 1.57402 14.7117 1.29367 1332
13 62 0 0 0 0 0
13 63 144.576 1.34085 12.2465 0.996817 914
14 0 163.186 1.28741 14.4362 1.16307 1309
14 1 160.738 1.36325 15.5314 1.02671 1302
14 2 0 0 0 0 0
14 3 164.279 1.07295 11.475 1.29316 1727
14 4 150.647 0.992254 11.5737 0.963373 1259
14 5 152.386 0.838742 10.3711 1.20089 1725
14 6 0 0 0 0 0
14 7 164.176 1.04316 15.6972 1.32015 2058
14 8 161.209 1.28784 14.8009 1.02073 1333
14 9 160.297 0.950849 13.0179 1.06252 1816
14 10 161.938 1.09922 15.5854 1.29981 1897
14 11 159.374 1.28599 14.1071 0.964894 1170
14 12 156.674 0.867729 9.80665 1.11261 1446
14 13 161.226 1.0408 13.2237 1.19451 1671
14 14 160.896 1.11991 13.1911 1.27312 1331
14 15 0 0 0 0 0
14 16 159.394 0.942511 12.9132 1.52794 2282
14 17 155.863 1.09392 12.8465 1.05665 1269
14 18 159.316 0.977106 8.9307 1.08716 1448
14 19 157.037 0.929547 13.3252 1.18911 1953
14 20 156.55 1.027 11.4534 1.17922 1223
14 21 160.916 0.954882 12.6896 1.35028 1805
14 22 162.68 0.980879 13.3857 1.16815 1838
14 23 154.119 1.09048 12.9044 0.965667 1195
14 24 156.236 1.23196 12.0707 1.16304 1212
14 25 158.165 0.89182 11.4344 1.34661 1951
14 26 161.448 1.15021 13.7713 1.10432 1334
14 27 161.085 1.02639 10.837 1.11986 1511
14 28 161.2 1.02022 12.6519 1.02596 1587
14 29 155.462 1.06627 11.3275 0.962068 1240
14 30 160.136 0.928643 11.8458 1.12624 1493
14 31 161.614 0.995591 11.9122 1.23798 1837
14 32 155.663 0.916012 9.89929 1.31933 1645
14 33 158.792 0.901719 11.6058 0.92757 1500
14 34 159.057 0.904585 11.1617 1.17799 1285
14 35 160.893 0.879422 11.5178 1.45004 1862
14 36 158.617 1.18493 10.928 1.14512 1316
14 37 0 0 0 0 0
14 38 151.991 0.772689 10.1353 1.26473 1538
14 39 153.501 1.44078 6.63005 1.36142 1324
14 40 154.109 0.956147 9.80601 1.20138 1201
14 41 153.775 0.862626 8.8247 1.17042 1547
14 42 156.479 1.08953 8.59995 0.957734 1124
14 43 150.795 1.01353 11.8757 1.28892 1310
14 44 151.796 0.821154 10.806 1.26449 1390
14 45 160.04 0.964538 11.4661 1.06149 1392
14 46 157.796 1.05552 12.115 1.00659 1146
14 47 153.056 0.924485 10.7191 1.32238 1641
14 48 152.366 0.937073 9.34737 1.21744 1130
14 49 163.988 1.20665 12.0596 0.952147 1257
14 50 162.012 0.922768 11.2437 1.01574 1452
14 51 160.5 0.970142 10.682 1.19731 1327
14 52 152.971 1.00228 11.1991 0.935783 1132
14 53 151.91 0.944172 9.09085 1.1448 1415
14 54 165.019 0.985281 12.4575 0.918697 1340
14 55 151.42 1.20157 12.2654 0.892692 1158
14 56 148.507 0.869584 9.95492 1.52066 1475
14 57 159.598 1.03348 9.06066 1.03755 1439
14 58 149.679 1.06477 11.3557 0.938796 1102
14 59 159.743 1.61898 14.3019 0.828638 926
14 60 156.35 1.088 8.39374 1.48982 1539
14 61 151.581 1.29764 10.6923 1.08594 1176
14 62 152.742 0.986496 10.2381 0.964122 1177
14 63 153.272 1.24383 10.913 1.11229 1133
15 0 152.119 1.14297 10.0817 1.13928 1053
15 1 146.51 1.45799 11.6133 1.25691 917
15 2 0 0 0 0 0
15 3 147.633 3.28584 14.9905 0.991967 647
15 4 151.159 1.45881 11.3634 0.855314 726
15 5 157.717 2.02208 15.2018 0.96518 766
15 6 153.187 1.50044 11.9045 1.06571 767
15 7 152.816 7.47636 48.6985 0.84763 590
15 8 145.803 1.65792 11.8232 0.953949 772
15 9 152.547 1.56699 8.58366 1.04011 754
15 10 147.871 5.82711 38.834 0.900794 651
15 11 154.138 1.64526 13.8108 0.969879 747
15 12 146.485 1.89987 11.5637 1.15027 772
15 13 143.045 2.89347 17.3616 0.942052 594
15 14 148.577 1.14873 10.7282 0.96637 999
15 15 151.534 1.65389 12.3708 0.883687 627
15 16 148.617 8.98416 52.0362 1.01659 577
15 17 150.647 1.82947 15.2794 1.0341 943
15 18 148.514 1.65429 11.0564 0.823896 730
15 19 144.858 7.35101 46.0457 0.740295 543
15 20 151.313 1.41843 11.6097 1.00445 750
15 21 148.797 6.4627 49.9202 1.13472 769
15 22 148.938 7.08221 41.3378 0.861191 606
15 23 155.061 2.16549 15.5474 0.8714 808
15 24 146.532 1.57114 12.148 1.0157 869
15 25 158.395 7.05185 45.6781 0.698097 579
15 26 151.448 1.45259 12.7919 0.976339 1024
15 27 153.415 2.91686 17.5504 0.968319 582
15 28 157.662 3.11312 18.2966 0.718522 553
15 29 151.191 1.5953 14.6618 1.06305 919
15 30 152.215 2.78276 14.9752 1.03996 619
15 31 152.198 6.12859 32.7264 0.684355 484
15 32 143.264 6.34399 36.2539 0.879398 582
15 33 155.048 2.47468 16.5468 0.859675 619
15 34 154.236 1.61546 15.7212 1.07594 1069
15 35 146.207 5.1732 31.398 0.706621 532
15 36 149.035 2.39862 15.8627 0.978532 712
15 37 0 0 0 0 0
15 38 145.6 8.17901 49.6232 0.69445 541
15 39 150.131 3.20559 15.9311 0.913797 770
15 40 148.454 1.82741 14.6745 0.828482 757
15 41 153.043 3.89175 21.6267 0.632474 529
15 42 151.816 2.08232 16.4819 0.961591 746
15 43 153.066 2.76627 20.1248 0.930459 798
15 44 144.359 10.3181 59.5007 0.549844 527
15 45 150.602 1.86471 13.1481 0.771227 704
15 46 151.598 1.25099 13.4263 1.01328 1087
15 47 149.36 7.97456 51.8218 0.619531 584
15 48 139.593 6.87083 46.9473 1.25279 710
15 49 155.787 2.96582 21.7484 1.03917 833
15 50 144.602 6.32222 47.1447 0.857594 702
15 51 151.936 1.53966 16.3941 0.982381 1120
15 52 149.14 1.60202 13.8075 0.941978 898
15 53 145.933 8.45197 54.8405 0.987845 668
15 54 155.836 4.0568 24.4994 0.650512 647
15 55 153.996 1.14362 11.8405 1.07064 1001
15 56 152.415 2.82272 18.353 0.908892 796
15 57 147.176 2.29311 15.1108 0.908488 935
15 58 144.966 5.89298 41.6125 1.03932 687
15 59 153.176 1.3514 14.6724 1.12099 1254
15 60 148.619 5.84603 38.5064 0.928148 680
15 61 151.07 1.20043 14.9685 1.14359 1349
15 62 151.581 1.24531 13.4976 0.971195 1266
15 63 148.09 2.94181 20.3287 0.974697 824
