#mip results dif_1_2_1
#chip channel mpv empv widthmpv chi2ndf nentries
0 0 65.5659 0.167031 5.85137 1.21158 10248
0 1 64.9341 0.215865 5.56135 0.871301 6296
0 2 65.9057 0.243436 6.01655 0.991488 5201
0 3 60.9245 0.204178 5.52377 1.38821 5700
0 4 60.5205 0.241332 7.08959 1.48024 5022
0 5 0 0 0 0 0
0 6 64.9834 0.253157 6.07494 0.890448 4754
0 7 58.8904 0.297171 4.81631 1.18507 2950
0 8 65.6456 0.208285 5.45156 1.08373 6556
0 9 65.2314 0.252583 4.91984 1.28943 4771
0 10 65.1943 0.264498 5.25727 1.1166 4428
0 11 60.5811 0.222048 5.29959 1.08314 5634
0 12 61.9049 0.198941 5.3536 1.09747 6291
0 13 61.6988 0.243609 5.63549 0.913527 4566
0 14 62.9214 0.149141 5.21841 1.30009 11847
0 15 61.2319 0.221274 5.3638 1.20255 4958
0 16 65.2228 0.326919 5.32395 0.778665 2775
0 17 61.7989 0.2035 5.44584 0.869845 6468
0 18 60.1249 0.206362 5.25972 1.32719 5416
0 19 64.3122 0.336462 5.63935 0.986463 2730
0 20 62.3853 0.244238 6.1703 0.975975 4856
0 21 60.4839 0.221302 5.57907 0.977289 5118
0 22 66.329 0.238193 4.99237 0.905325 5568
0 23 62.8617 0.23231 5.2648 1.50908 5297
0 24 66.6132 0.200426 5.95856 0.790061 7338
0 25 60.7105 0.320004 5.25072 1.11909 2538
0 26 62.4602 0.158706 5.47255 1.31108 10622
0 27 62.4053 0.252298 5.50322 0.854992 4147
0 28 62.1081 0.250187 5.33209 1.31961 3914
0 29 62.0302 0.222256 5.89854 1.2457 5995
0 30 62.6146 0.243729 5.92886 1.1939 4748
0 31 65.7579 0.328515 6.15509 1.02494 2816
0 32 61.4232 0.232459 5.13301 1.4495 4626
0 33 62.1628 0.228817 5.30983 1.13019 5165
0 34 62.479 0.163308 5.72933 1.30429 10460
0 35 60.2171 0.304341 5.40573 1.41027 2711
0 36 62.284 0.224682 6.95863 1.31199 5587
0 37 0 0 0 0 0
0 38 59.0857 0.281978 5.07924 0.848535 3353
0 39 59.5227 0.153125 5.22453 1.09858 10112
0 40 61.64 0.235708 7.21937 1.32711 5677
0 41 61.7423 0.236962 5.12727 1.20903 4593
0 42 62.437 0.223921 5.68724 1.42189 5576
0 43 61.9496 0.179949 5.64604 1.40289 7962
0 44 60.8506 0.225602 5.62593 1.23992 5123
0 45 60.0886 0.226359 5.42233 0.807923 4865
0 46 61.8266 0.148764 5.69288 1.03465 12491
0 47 65.4567 0.235783 5.44487 1.10812 5460
0 48 62.2434 0.22633 5.66002 1.02667 5590
0 49 61.6494 0.206326 5.77635 1.33632 6729
0 50 65.4856 0.228121 6.49311 1.28439 5604
0 51 61.7194 0.149014 5.6038 1.14823 11776
0 52 62.9209 0.198307 5.7397 1.219 7665
0 53 65.1516 0.190512 5.81029 1.19303 8484
0 54 65.6313 0.215346 6.14024 1.47626 6234
0 55 61.8261 0.18228 5.87281 1.35275 7969
0 56 59.0966 0.154368 5.49643 1.31138 10536
0 57 59.7572 0.163742 4.91346 1.2484 8945
0 58 62.2427 0.205442 5.31038 1.05858 6680
0 59 61.9315 0.150646 5.75163 1.59527 12009
0 60 60.9417 0.175192 5.73177 1.13144 8987
0 61 61.2045 0.132635 5.60077 1.05634 15427
0 62 61.3289 0.151825 5.6805 1.35442 11912
0 63 62.2225 0.200826 5.99059 0.749159 7222
1 0 62.315 0.142491 5.82461 1.56506 12907
1 1 62.3347 0.143126 5.65562 1.31911 12525
1 2 62.3689 0.149098 5.54061 1.34604 13017
1 3 65.8046 0.19793 6.17033 1.17488 7566
1 4 63.3053 0.215703 6.31677 1.36549 6696
1 5 62.9921 0.191786 5.16072 1.10693 7927
1 6 62.9873 0.154296 5.71418 1.15576 12013
1 7 65.1638 0.157308 5.90139 1.25998 12400
1 8 62.6026 0.194897 5.78271 1.13801 7887
1 9 63.2673 0.154139 5.66491 1.41379 12242
1 10 64.7968 0.149254 6.03123 0.978997 14282
1 11 61.4788 0.20394 5.4987 1.20691 7425
1 12 65.5891 0.212208 6.04617 1.0791 7448
1 13 65.8448 0.190173 6.2539 1.26129 8883
1 14 61.7986 0.183392 5.7709 0.918237 9062
1 15 65.5503 0.221667 5.51201 1.33942 6760
1 16 65.0456 0.137085 5.77646 1.25726 16488
1 17 61.6512 0.195783 5.87208 1.27115 7476
1 18 61.3295 0.219403 5.8258 1.46629 6599
1 19 64.2943 0.159821 5.73471 1.16571 11722
1 20 64.5623 0.222398 6.47748 1.51555 6694
1 21 64.7786 0.160856 5.98322 0.902715 12087
1 22 65.4149 0.175103 5.95738 1.05312 9759
1 23 80.0407 0.0500464 0.456753 16.3839 7526
1 24 64.0293 0.18584 5.71643 1.3653 8186
1 25 64.8712 0.152751 6.07352 1.48343 13159
1 26 61.3775 0.188715 5.57337 1.11043 8436
1 27 61.0087 0.206979 5.84854 1.5494 6876
1 28 65.0695 0.190705 5.82607 1.27002 9195
1 29 61.3362 0.198421 6.05286 1.23166 7613
1 30 64.2338 0.219723 6.27356 1.36096 6881
1 31 64.7012 0.163376 5.21955 1.03277 11959
1 32 64.303 0.18578 5.94 0.961298 8839
1 33 62.8162 0.212461 5.44692 0.918827 6841
1 34 61.0786 0.18351 5.33924 0.866809 8656
1 35 63.2553 0.147271 5.58055 0.971714 14040
1 36 64.744 0.232424 5.85021 1.19876 6430
1 37 0 0 0 0 0
1 38 63.5999 0.13414 5.62055 1.08679 16749
1 39 64.5663 0.191914 5.60421 1.04732 8136
1 40 62.0017 0.214092 5.96759 1.42806 6373
1 41 0 0 0 0 0
1 42 0 0 0 0 0
1 43 0 0 0 0 0
1 44 0 0 0 0 0
1 45 0 0 0 0 0
1 46 0 0 0 0 0
1 47 0 0 0 0 0
1 48 0 0 0 0 0
1 49 0 0 0 0 0
1 50 0 0 0 0 0
1 51 0 0 0 0 0
1 52 0 0 0 0 0
1 53 0 0 0 0 0
1 54 62.8309 0.163416 5.80943 1.38876 10034
1 55 62.5865 0.189201 5.68409 1.04865 7747
1 56 66.2348 0.218675 5.44463 1.21329 5973
1 57 66.4998 0.194424 5.41668 1.33055 7823
1 58 62.981 0.170236 5.47038 1.18522 8941
1 59 61.9234 0.20427 5.51605 0.982408 6357
1 60 66.1829 0.202813 5.89092 1.16522 7039
1 61 61.8709 0.198273 5.13601 0.967839 6506
1 62 65.3226 0.172513 5.23653 1.05688 9941
1 63 66.2659 0.191486 5.65636 0.978292 7921
2 0 59.4714 0.136104 5.37624 1.41831 14526
2 1 59.4883 0.161587 5.35174 1.03033 9458
2 2 58.8493 0.173276 5.25506 0.78789 8515
2 3 57.5498 0.219276 5.00359 0.922533 5719
2 4 59.2205 0.218283 5.71523 1.32037 5501
2 5 0 0 0 0 0
2 6 57.1221 0.181876 5.14224 0.89518 7280
2 7 57.9084 0.30974 4.92975 1.1589 3258
2 8 58.7692 0.192404 5.35576 1.30484 6969
2 9 58.8116 0.1905 5.76616 1.04866 6940
2 10 58.0722 0.198509 5.39949 1.05773 6285
2 11 58.7151 0.213495 5.8023 0.97005 6024
2 12 57.8777 0.192086 4.99166 1.33301 6431
2 13 62.2835 0.251399 5.60803 1.28554 4502
2 14 58.1617 0.135997 5.4894 1.24683 12850
2 15 0 0 0 0 0
2 16 62.3889 0.260616 5.55227 1.38219 3805
2 17 58.7617 0.198679 5.17897 1.4378 7176
2 18 59.0724 0.224722 5.62549 1.32347 5324
2 19 57.9899 0.30739 5.11097 0.955584 2932
2 20 59.0725 0.207133 5.24192 1.38748 6055
2 21 58.4143 0.182173 5.52267 0.998806 7342
2 22 58.4655 0.218113 5.36005 0.88736 5412
2 23 58.985 0.194588 5.57708 1.16281 6999
2 24 59.6054 0.177348 5.47569 1.04478 8335
2 25 57.2014 0.281383 5.28259 0.986795 3037
2 26 62.9412 0.151787 5.72095 1.42641 12021
2 27 59.0647 0.232877 5.85232 1.005 4954
2 28 58.3817 0.226224 5.32938 1.23257 4684
2 29 58.9077 0.18264 6.77153 1.86221 8058
2 30 59.5528 0.209038 5.36569 0.886162 5781
2 31 62.7978 0.335728 6.62069 0.783017 3105
2 32 57.4103 0.233783 5.12196 1.01805 4796
2 33 59.7857 0.217176 5.30144 0.919568 5416
2 34 62.777 0.142261 5.87148 1.33587 13850
2 35 57.8612 0.285015 5.52502 0.920475 2980
2 36 59.3964 0.226126 6.29867 1.39705 5852
2 37 0 0 0 0 0
2 38 58.2925 0.282908 5.36152 1.30328 3839
2 39 62.6633 0.164937 5.55788 0.806591 9817
2 40 58.8384 0.212222 5.99581 1.06782 6080
2 41 58.3134 0.236143 5.58988 0.935828 4384
2 42 58.9821 0.212165 5.63404 0.857432 5827
2 43 59.1042 0.175405 5.82411 1.21934 8349
2 44 62.2754 0.222673 5.98004 0.982755 5800
2 45 58.9031 0.22887 5.58257 1.25818 5037
2 46 62.7974 0.141966 5.15408 1.54248 14180
2 47 0 0 0 0 0
2 48 60.0127 0.206919 5.32972 1.48032 5634
2 49 60.096 0.189896 5.23304 1.3136 6762
2 50 59.7881 0.205946 5.62283 1.19642 6043
2 51 62.7606 0.151622 5.52907 1.0109 11803
2 52 59.9574 0.185985 5.26425 1.08738 7554
2 53 58.5141 0.169225 5.03687 1.13157 8380
2 54 59.8407 0.198015 5.83023 1.0411 6657
2 55 60.2626 0.173534 5.30807 1.02724 8897
2 56 58.4959 0.159319 4.90383 1.1691 9248
2 57 58.681 0.14428 5.01684 1.07135 11232
2 58 62.6524 0.201589 5.30197 1.10538 7173
2 59 59.7532 0.140712 5.38785 1.22448 12589
2 60 62.3956 0.166025 5.05904 1.31405 9211
2 61 57.8636 0.116122 5.04893 1.28962 17209
2 62 0 0 0 0 0
2 63 59.4241 0.188021 5.40178 0.910612 7406
3 0 65.3097 0.144138 5.56638 1.1144 12810
3 1 65.7665 0.152483 6.01104 1.75326 12456
3 2 64.3171 0.155714 5.56704 1.12203 12028
3 3 67.042 0.199725 6.19087 1.01525 8120
3 4 66.1619 0.211825 6.3358 1.42323 6744
3 5 66.5625 0.197262 5.87117 1.15268 7875
3 6 69.2334 0.172723 5.90466 1.08074 10825
3 7 63.9864 0.149766 7.39308 2.42536 13947
3 8 65.5096 0.191673 6.08144 0.909346 8304
3 9 64.9604 0.160642 5.27195 1.937 11336
3 10 68.4941 0.153957 6.17779 0.93652 14162
3 11 65.951 0.202194 5.93236 0.957572 7235
3 12 65.7229 0.190683 5.77585 1.20467 7642
3 13 65.9016 0.18477 6.40633 1.54422 8891
3 14 64.5376 0.172803 5.72797 1.30642 10025
3 15 66.7529 0.215063 6.12002 1.0533 6871
3 16 66.1802 0.12447 5.52548 1.38547 19021
3 17 66.1854 0.209666 6.65195 1.26233 7432
3 18 66.6683 0.220367 5.92965 1.14997 6637
3 19 67.7596 0.165334 6.35201 1.30626 12168
3 20 63.8134 0.215612 6.27911 1.47531 6717
3 21 65.5529 0.164078 6.06065 1.31847 10767
3 22 66.145 0.166425 6.11333 1.12871 10391
3 23 65.1197 0.193431 5.34855 1.10362 7737
3 24 0 0 0 0 0
3 25 65.5699 0.149073 7.12492 2.16522 12904
3 26 66.1673 0.187678 6.18786 0.937456 8815
3 27 65.6817 0.206327 6.26767 1.16826 7370
3 28 66.1419 0.173445 6.14663 1.30791 9700
3 29 65.5942 0.192874 5.96219 1.19304 7788
3 30 70.5675 0.234759 7.40657 1.05761 7152
3 31 66.2881 0.152514 5.4944 1.30492 13199
3 32 65.6466 0.180835 5.90939 1.35737 9155
3 33 65.419 0.204756 6.30351 1.63694 6956
3 34 64.7935 0.178712 5.90203 1.06227 9307
3 35 66.5848 0.162175 5.82969 1.37092 11751
3 36 66.0774 0.217761 6.51885 1.32603 6627
3 37 0 0 0 0 0
3 38 65.645 0.150477 5.77086 1.02242 13084
3 39 67.8848 0.190251 5.87488 1.16163 8858
3 40 0 0 0 0 0
3 41 66.3107 0.184305 5.98567 1.36813 8610
3 42 66.3848 0.209525 5.57546 1.29455 6549
3 43 65.5828 0.190651 5.67718 1.34233 7793
3 44 68.6516 0.177904 6.05414 1.38206 9835
3 45 66.8021 0.214007 5.98999 1.36625 6598
3 46 64.4237 0.172539 5.21451 1.35933 9429
3 47 68.4137 0.142488 5.97356 0.919367 15841
3 48 66.6674 0.221508 5.969 1.29273 6416
3 49 65.533 0.205357 5.93881 1.34989 6786
3 50 66.5832 0.198378 5.70633 0.943648 7602
3 51 65.5737 0.17899 5.72285 0.976119 9400
3 52 64.6693 0.200129 5.3233 1.24909 6941
3 53 66.5174 0.161824 6.06813 1.05473 11438
3 54 66.3476 0.204869 6.03381 1.20269 7371
3 55 64.8426 0.195843 5.69262 1.30782 7831
3 56 65.7925 0.185846 6.06284 1.30218 8377
3 57 64.6074 0.179435 5.88796 0.92321 9271
3 58 64.9117 0.213416 5.87819 1.1899 7251
3 59 63.8976 0.180977 5.60104 1.55907 8534
3 60 63.3679 0.185003 5.54553 1.42632 8674
3 61 64.9583 0.164221 5.66235 1.13695 10764
3 62 63.5774 0.183969 5.86663 1.42336 8974
3 63 64.9314 0.187246 5.76995 1.42113 8069
4 0 62.4139 0.129605 5.52578 1.54465 15637
4 1 63.0564 0.158356 5.31143 1.29431 11474
4 2 62.7956 0.160941 5.54055 1.42404 10366
4 3 64.4498 0.208718 5.77097 1.1604 6453
4 4 63.4096 0.21568 5.47857 1.19742 6242
4 5 63.4959 0.202419 5.91382 1.02237 7391
4 6 62.3028 0.182099 6.10832 1.34279 8831
4 7 61.4091 0.267953 5.57274 1.10615 3793
4 8 59.5163 0.182658 5.31268 1.19441 7588
4 9 62.4165 0.17322 5.41311 1.1628 8972
4 10 61.1642 0.181268 5.27027 1.21021 8108
4 11 62.2307 0.197657 5.49283 1.41478 7384
4 12 0 0 0 0 0
4 13 63.2994 0.231564 6.89048 1.47366 5119
4 14 63.907 0.152779 5.8184 0.82526 12744
4 15 71.3612 0.0536816 0.365257 6.70945 5611
4 16 65.3681 0.263584 5.95999 1.5741 4819
4 17 63.0694 0.181159 5.32745 1.1858 8500
4 18 67.5093 0.23456 6.4313 1.10571 6718
4 19 62.4112 0.29218 5.08 1.24546 3421
4 20 63.8515 0.225824 5.58854 1.4889 6148
4 21 62.5439 0.168595 5.42022 0.885694 9906
4 22 63.8563 0.220772 5.75288 0.936447 5927
4 23 63.1109 0.202022 5.51609 1.26231 6924
4 24 63.9022 0.17944 5.34243 1.49991 8951
4 25 67.3274 0.333061 5.69365 0.857885 3325
4 26 63.4503 0.143167 5.34219 1.26362 12957
4 27 63.9729 0.226689 5.43246 1.40843 5403
4 28 64.3256 0.240739 5.82465 1.32191 4898
4 29 64.1171 0.191338 5.92375 1.43852 8264
4 30 63.6771 0.216034 5.44525 1.33765 6035
4 31 62.481 0.311604 5.52666 0.83526 2813
4 32 63.3283 0.246819 5.74868 1.42727 4329
4 33 63.8974 0.249173 5.867 1.27604 4818
4 34 62.6482 0.151241 5.94204 1.60497 12453
4 35 67.0577 0.350799 5.21519 1.29324 3408
4 36 63.3608 0.238501 5.71623 1.03525 5556
4 37 0 0 0 0 0
4 38 62.3465 0.300666 4.6573 0.993876 3560
4 39 63.2766 0.214997 7.50272 1.85166 7065
4 40 63.3616 0.252866 6.84728 1.42357 5430
4 41 63.3543 0.275995 4.87529 1.21522 4463
4 42 63.4217 0.228754 5.66968 1.04824 5845
4 43 64.6669 0.200871 5.77142 1.33722 7451
4 44 63.4563 0.213512 5.28329 0.95776 6021
4 45 64.0176 0.247065 6.03415 1.34087 4730
4 46 64.1867 0.153974 5.47349 1.30875 11559
4 47 62.0663 0.294628 5.26484 1.55423 3556
4 48 63.9381 0.233529 5.97272 1.24568 5470
4 49 64.0689 0.21764 6.09664 1.32104 6397
4 50 63.2385 0.215209 6.05499 1.16624 6347
4 51 62.5894 0.175869 5.63124 1.13157 9108
4 52 63.2211 0.204086 5.76677 1.44018 7551
4 53 62.1505 0.220674 5.33285 1.34497 5572
4 54 63.4059 0.203051 5.17832 1.73154 7162
4 55 63.3282 0.179522 5.89322 1.00942 9335
4 56 63.1433 0.207347 5.81125 1.47376 6906
4 57 62.6199 0.185856 5.60502 1.44313 8063
4 58 64.1217 0.206907 5.9714 1.21867 7233
4 59 63.2084 0.155414 6.13619 1.04627 12284
4 60 63.2861 0.218556 5.98137 0.944662 6627
4 61 62.4601 0.139469 5.73759 1.08657 14121
4 62 63.4141 0.143154 5.76019 1.3179 14578
4 63 63.7696 0.184132 5.62673 0.794125 8436
5 0 62.1454 0.164953 5.54039 1.21038 10331
5 1 62.3832 0.174043 5.76291 0.75681 9108
5 2 62.8065 0.17361 5.67963 1.42073 8936
5 3 62.697 0.183546 5.45074 1.55985 8682
5 4 62.9834 0.213711 5.64932 1.06089 6633
5 5 61.8653 0.190884 5.72894 1.43123 7922
5 6 61.8738 0.182854 5.44398 1.33342 8638
5 7 61.8221 0.132941 5.53932 1.25084 15107
5 8 61.0727 0.173828 5.42687 1.18546 8638
5 9 63.0369 0.17471 5.57903 1.44538 8634
5 10 70.6603 133.48 14.8526 26.8739 10855
5 11 62.7053 0.199992 5.54497 0.936858 6984
5 12 65.9655 0.191597 5.88525 1.32293 9001
5 13 65.6652 0.182342 5.9554 0.82311 9037
5 14 61.3866 0.156948 5.76516 1.18429 10412
5 15 65.7629 0.215294 5.6987 1.35676 7254
5 16 63.11 0.141388 5.74332 1.33109 13830
5 17 61.5747 0.208679 5.89476 1.05658 6857
5 18 62.3347 0.21574 6.11547 1.26077 6485
5 19 65.6126 0.149118 5.31177 1.7215 12761
5 20 65.9225 0.235636 6.76689 1.1424 6591
5 21 62.4767 0.18241 5.54242 1.13897 8447
5 22 62.9452 0.157262 6.84145 2.13124 11332
5 23 72.3845 0.93783 6.70445 18.6539 6643
5 24 61.9742 0.169042 5.31942 0.963641 9066
5 25 65.0905 0.164822 6.0645 1.81474 11327
5 26 63.0474 0.181256 5.91756 1.38073 8814
5 27 62.5462 0.221318 5.84489 1.12911 6420
5 28 65.1618 0.19787 4.98775 1.59707 9230
5 29 61.9605 0.211364 5.98186 1.39388 6541
5 30 62.2638 0.211118 5.3701 1.46154 6467
5 31 65.4155 0.159232 5.63236 1.23089 12495
5 32 63.1196 0.173718 5.52555 1.32171 9032
5 33 63.2111 0.2036 5.17422 1.86949 7608
5 34 61.6388 0.184889 5.52856 1.14631 8471
5 35 61.94 0.143815 5.6122 1.17849 12948
5 36 62.0359 0.204884 5.92533 1.31628 6746
5 37 0 0 0 0 0
5 38 64.8166 0.144817 5.89221 1.79857 14232
5 39 64.9435 0.162362 5.65657 1.44207 11652
5 40 63.0231 0.216973 6.37052 1.15456 7158
5 41 63.283 0.170349 5.11191 1.46304 10134
5 42 61.1896 0.202865 5.67526 1.26186 6753
5 43 61.4664 0.187147 5.43275 1.16175 7798
5 44 65.1672 0.166376 5.89653 1.36088 10792
5 45 63.3409 0.199732 5.15054 1.30013 7428
5 46 61.5262 0.164914 5.44607 1.11261 9144
5 47 64.6797 0.128256 5.52288 1.02842 18024
5 48 62.0744 0.191291 5.38876 1.44986 7260
5 49 60.8194 0.194398 5.30392 1.02844 7317
5 50 62.4744 0.185668 5.35577 1.09751 8209
5 51 61.2478 0.147768 5.36597 1.06832 11717
5 52 59.4875 0.183661 5.63956 1.16176 7557
5 53 71.9565 0.0833192 14.7487 59.786 14312
5 54 62.4135 0.18123 5.4319 0.948273 8336
5 55 62.786 0.181099 5.58495 0.893926 8527
5 56 60.6141 0.156538 5.25081 1.15487 10927
5 57 61.2057 0.147902 5.24662 1.05162 12204
5 58 62.2773 0.184612 5.72026 1.23824 8557
5 59 61.2556 0.164878 5.36098 1.40075 9761
5 60 61.4477 0.151623 5.41001 1.50742 11573
5 61 60.3598 0.148178 5.13173 1.61748 11979
5 62 61.5501 0.157814 5.25848 1.1472 10035
5 63 61.8512 0.178705 5.37971 1.18275 8719
6 0 65.5316 0.138348 5.90333 1.12055 15102
6 1 64.8489 0.155061 5.70245 1.34032 11889
6 2 64.7973 0.158075 5.68274 1.34834 11241
6 3 65.7267 0.21254 5.58989 1.35164 6045
6 4 65.9008 0.230748 6.24245 1.39454 6100
6 5 64.9998 0.207345 6.19913 1.34574 6897
6 6 68.9565 0.179352 6.2543 1.6292 10322
6 7 64.2969 0.308667 7.55501 1.15867 3519
6 8 65.9359 0.203197 5.68918 0.809927 7686
6 9 64.5872 0.177426 5.66111 0.802908 9246
6 10 65.4482 0.183437 5.77389 1.13544 8512
6 11 65.0579 0.20952 6.01048 1.11642 6879
6 12 64.5002 0.206948 5.91331 1.03542 6569
6 13 64.7628 0.237066 5.86888 1.40802 5221
6 14 68.1954 0.15488 6.53437 1.1456 13305
6 15 69.1823 0.248859 5.95212 1.30065 5659
6 16 65.1476 0.240567 5.6143 1.32256 4960
6 17 65.447 0.19997 6.08123 0.882786 7732
6 18 65.4658 0.217329 6.14273 1.05614 6184
6 19 66.6037 0.340566 6.29554 1.10752 3081
6 20 64.5257 0.239706 6.39725 0.964947 5418
6 21 66.1497 0.174044 5.91526 0.994728 9731
6 22 65.6215 0.23791 5.44874 0.850899 5464
6 23 65.6651 0.227303 6.17961 1.27678 6426
6 24 66.6388 0.193849 6.39003 1.08139 8582
6 25 65.5155 0.378166 6.39855 1.08698 2662
6 26 66.3984 0.152478 6.0195 1.23546 12768
6 27 66.5587 0.241989 7.01691 1.82324 4846
6 28 65.5279 0.283958 5.23114 1.41975 4370
6 29 66.1848 0.204089 7.14292 1.52402 7111
6 30 66.8983 0.246267 6.22003 1.1427 5259
6 31 64.5964 0.348883 5.67691 1.06862 2753
6 32 63.9473 0.275753 5.70698 1.49918 3985
6 33 65.2593 0.279071 6.58624 1.12064 4279
6 34 64.4111 0.160483 5.99085 0.981202 11142
6 35 63.8534 0.315337 5.48813 1.37278 2996
6 36 70.4432 0.257732 6.46377 1.38821 4952
6 37 0 0 0 0 0
6 38 64.1544 0.33216 5.39907 1.23719 2739
6 39 65.3441 0.281334 5.53542 1.04321 4161
6 40 65.6573 0.250969 6.4664 1.52397 5196
6 41 69.1274 0.254862 6.61738 0.787482 5165
6 42 65.9991 0.222818 5.73657 1.41382 5945
6 43 70.0734 0.220064 6.21845 1.15025 6918
6 44 65.1196 0.238892 5.4272 0.738962 4661
6 45 65.0066 0.225896 5.63386 0.891793 5391
6 46 68.8561 0.168331 6.11217 1.27479 11100
6 47 65.7044 0.360416 4.99538 1.31143 2356
6 48 64.8181 0.215903 5.6785 1.17604 6033
6 49 65.7848 0.210264 5.69941 1.44037 7064
6 50 65.2594 0.243643 6.20012 1.01737 5011
6 51 69.2417 0.259878 6.43905 1.08707 5449
6 52 69.7955 0.199261 6.37096 0.934768 8184
6 53 65.001 0.295259 5.4684 1.49703 3617
6 54 66.0936 0.232132 5.80966 1.1412 5748
6 55 65.5535 0.203218 5.98238 1.06667 7170
6 56 69.3003 0.29246 7.13537 0.803597 4241
6 57 64.4324 0.24289 5.70785 1.16958 4828
6 58 65.2741 0.238073 5.51421 1.18954 5425
6 59 64.8812 0.151292 5.70804 1.222 12749
6 60 64.5286 0.260512 5.41881 0.910817 3979
6 61 67.4122 0.202978 6.60215 1.77025 8209
6 62 66.2015 0.162822 6.15527 1.11398 11555
6 63 64.1583 0.210074 5.39468 1.24877 6472
7 0 62.8737 0.215799 5.81804 1.40618 6553
7 1 62.5503 0.231 6.04499 1.22537 5472
7 2 62.5731 0.237769 5.56949 0.894718 5309
7 3 0 0 0 0 0
7 4 61.7401 0.201822 5.67829 1.43785 7234
7 5 63.3788 0.210493 5.62154 1.03351 6944
7 6 62.546 0.244662 6.13834 1.02791 5445
7 7 62.3244 0.140301 5.74526 1.30066 13836
7 8 62.5955 0.200743 5.06178 1.28629 7569
7 9 0 0 0 0 0
7 10 0 0 0 0 0
7 11 62.5428 0.192244 5.34758 1.33929 7891
7 12 62.6516 0.197325 5.40226 1.02125 7410
7 13 62.0793 0.161171 5.53677 1.29429 10831
7 14 63.1732 0.186901 5.36924 1.39948 8587
7 15 62.5505 0.179643 5.45897 0.980817 8399
7 16 0 0 0 0 0
7 17 61.6305 0.189369 5.86476 1.47708 7573
7 18 62.8 0.184872 5.12349 1.47988 8539
7 19 62.6501 0.134854 5.39916 1.27932 15475
7 20 63.3495 0.220294 6.49895 1.32466 6525
7 21 62.8424 0.2259 4.84344 1.15855 6170
7 22 63.7065 0.16448 5.10747 1.5964 10255
7 23 63.1209 0.217551 5.99852 1.24342 6437
7 24 63.4745 0.203326 7.00502 1.80367 7007
7 25 66.1036 0.162634 6.34624 1.43621 12714
7 26 62.5402 0.168461 6.85419 2.24753 9483
7 27 64.4813 0.21182 5.90833 1.11586 6789
7 28 64.4209 0.183431 5.78033 1.53413 9278
7 29 64.5616 0.224974 6.15851 1.43414 6445
7 30 63.1656 0.21521 5.96578 1.00083 6544
7 31 62.6562 0.157851 5.30562 1.5099 12017
7 32 63.3711 0.172413 5.74574 1.3385 8969
7 33 64.5859 0.202996 5.97019 1.50963 7236
7 34 62.5679 0.183871 5.69672 1.51168 8362
7 35 65.6357 0.146122 5.73791 1.67398 13896
7 36 63.5343 0.226462 5.88601 1.34582 6850
7 37 0 0 0 0 0
7 38 63.21 0.145547 5.61663 1.5999 13717
7 39 62.7082 0.146989 5.90404 1.23453 12984
7 40 0 0 0 0 0
7 41 0 0 0 0 0
7 42 63.6257 0.200839 5.65648 1.11547 7673
7 43 62.4608 0.20143 5.9187 0.903445 7216
7 44 66.8129 0.174817 5.8108 1.25077 11058
7 45 64.4982 0.190798 5.24606 1.43549 8655
7 46 63.1279 0.188345 5.56924 1.24312 8768
7 47 63.963 0.131278 5.61634 1.14515 16821
7 48 65.5225 0.206481 5.68928 1.12359 7946
7 49 66.9506 0.195516 5.65512 0.77302 8513
7 50 66.626 0.18433 5.48755 1.65179 9733
7 51 62.398 0.144739 5.81393 1.37476 13114
7 52 63.0165 0.186143 5.69982 1.58964 8268
7 53 63.3003 0.138088 5.62543 0.946413 14280
7 54 63.5027 0.185449 5.65781 1.27234 8387
7 55 62.6625 0.182149 5.67447 1.21124 8857
7 56 63.4939 0.153822 6.08167 0.952488 12584
7 57 61.8264 0.143689 5.64096 1.1938 13099
7 58 63.8367 0.187715 5.57323 0.999163 8734
7 59 61.0354 0.168545 5.77041 1.20544 9495
7 60 63.5532 0.149087 5.47698 0.935142 12714
7 61 62.1124 0.139056 5.4172 1.09121 14050
7 62 62.5033 0.166148 5.34637 1.24991 10270
7 63 62.9216 0.188754 5.70884 1.42747 8669
8 0 66.2882 0.210839 5.66898 1.04195 7486
8 1 63.6376 0.22001 5.4802 0.909616 6568
8 2 60.2736 0.209839 6.84454 1.33528 6037
8 3 70.1 0.297097 15.7991 23.6813 6923
8 4 64.5426 0.215237 5.70127 1.0477 5951
8 5 0 0 0 0 0
8 6 63.0058 0.227382 5.71067 1.09532 5357
8 7 63.3918 0.180281 5.44686 0.993474 9076
8 8 62.7296 0.193573 5.54652 0.828535 7240
8 9 67.6301 0.230709 5.68931 0.793953 5995
8 10 63.6582 0.206099 5.31267 0.997744 7144
8 11 63.6843 0.225027 5.75739 1.02944 6536
8 12 63.9001 0.203881 7.02451 1.4705 6685
8 13 64.5053 0.189256 5.24262 0.910684 7608
8 14 62.9624 0.176656 5.55866 1.01621 8943
8 15 64.4894 0.21783 6.00605 0.835289 6271
8 16 63.7354 0.192085 5.50508 0.851096 7596
8 17 63.829 0.199761 5.63092 1.02068 6930
8 18 64.0696 0.216964 6.1675 1.30557 5856
8 19 63.8098 0.180829 5.40835 1.5918 7861
8 20 64.5519 0.239985 6.2059 1.06986 5453
8 21 63.9544 0.225602 5.3066 1.06301 5550
8 22 64.5667 0.181739 5.65429 1.02945 8406
8 23 64.3236 0.229631 5.99833 1.06212 6087
8 24 62.8055 0.190702 5.52286 1.3805 7687
8 25 64.6742 0.211919 5.6412 0.954487 7102
8 26 64.0987 0.197811 5.67647 0.833032 7732
8 27 65.0119 0.217584 5.80687 1.38009 5960
8 28 65.59 0.217447 5.45155 1.36101 6799
8 29 64.9821 0.205404 5.63736 0.848161 6961
8 30 65.2616 0.22847 6.16927 1.45107 5514
8 31 64.539 0.177803 5.68663 1.04688 8987
8 32 65.6105 0.181763 5.90961 0.874442 8710
8 33 65.307 0.201272 5.8533 1.08439 7038
8 34 65.6884 0.199492 5.8528 1.37098 7590
8 35 64.984 0.180544 7.27917 1.89506 9076
8 36 64.8418 0.213098 6.36861 1.58492 6808
8 37 0 0 0 0 0
8 38 67.5014 0.182374 5.75717 1.6824 9613
8 39 64.9156 0.158577 5.73793 1.17544 11409
8 40 65.5461 0.210747 6.38721 1.39989 6762
8 41 65.4098 0.184546 5.94055 1.46914 8542
8 42 65.2346 0.2186 6.16293 1.13226 6770
8 43 64.4822 0.194964 6.17223 1.11886 8449
8 44 65.2104 0.174764 5.84846 1.46087 9089
8 45 65.1387 0.208242 5.97427 1.10208 7148
8 46 64.5122 0.173212 5.73517 1.05042 9739
8 47 65.0731 0.138377 5.54599 1.21499 14860
8 48 65.5157 0.214284 6.26221 1.13565 6981
8 49 65.1792 0.193823 6.29478 1.29553 7786
8 50 65.8696 0.181382 5.95677 0.949608 8599
8 51 65.2979 0.136597 5.62866 0.979133 15302
8 52 65.7155 0.182192 5.97301 1.28367 8587
8 53 64.8231 0.139969 5.63879 1.37759 14298
8 54 65.7092 0.198355 5.74662 0.920818 7587
8 55 65.5329 0.171961 5.79989 1.24365 9984
8 56 65.5738 0.152043 5.81068 1.0203 11800
8 57 65.1077 0.162024 5.6473 1.22992 10655
8 58 65.696 0.200092 6.1071 1.25055 7457
8 59 65.3005 0.177046 5.88427 1.15116 9553
8 60 67.6606 0.151504 5.75871 2.00949 12702
8 61 64.7769 0.134145 5.50769 1.22427 16563
8 62 64.766 0.165492 5.73424 0.973987 10300
8 63 64.4735 0.189914 5.64905 1.28472 8525
9 0 58.8404 0.118262 4.93878 0.924174 17726
9 1 56.8831 0.139423 5.35807 1.03746 13222
9 2 58.9544 0.155251 6.77213 2.40428 10739
9 3 58.6003 0.147975 5.48166 0.933895 11765
9 4 58.7488 0.199116 5.53132 1.48103 6720
9 5 58.8942 0.186349 5.58541 1.17834 7162
9 6 58.1689 0.158929 6.84391 2.19135 10585
9 7 57.614 0.139056 5.05322 1.37977 12907
9 8 58.7854 0.193306 5.40569 1.492 7587
9 9 56.885 0.115039 5.42094 1.25903 19181
9 10 58.5956 0.102209 5.26516 1.07881 23936
9 11 57.8966 0.207853 5.95278 1.21426 6490
9 12 58.1115 0.174562 5.4099 1.06522 8853
9 13 57.2786 0.142853 5.44422 1.22564 11738
9 14 56.7504 0.149434 5.4127 1.35723 11220
9 15 56.6634 0.172821 5.70358 1.23974 9113
9 16 55.745 0.103716 5.17923 1.15561 22813
9 17 55.5198 0.181068 5.38106 1.28322 9008
9 18 57.3473 0.195737 5.14261 1.06054 7998
9 19 59.0788 0.154993 5.60259 1.08287 11491
9 20 58.4073 0.218954 5.37197 1.36874 7520
9 21 56.4541 0.140915 5.61897 1.06879 13738
9 22 55.7437 0.136995 5.19045 1.20503 13140
9 23 56.3501 0.201683 5.25607 0.947368 7015
9 24 56.1146 0.161452 5.38341 1.39105 9859
9 25 58.3853 0.157031 5.20297 1.06777 11146
9 26 55.982 0.154541 5.33895 0.737613 11347
9 27 59.0302 0.180472 5.21872 1.21218 9912
9 28 56.5206 0.15077 5.60477 0.979293 11436
9 29 55.5111 0.16839 5.43893 1.1911 9356
9 30 55.9709 0.205393 5.81028 1.32229 7209
9 31 58.5611 0.233637 5.51936 1.26602 5856
9 32 58.702 0.235249 6.17445 1.05335 5859
9 33 56.7337 0.236121 4.75367 0.960632 6433
9 34 55.4655 0.145891 5.36632 0.976518 11768
9 35 58.365 0.358815 5.90765 1.38587 2566
9 36 56.3615 0.213851 5.61888 0.935888 6196
9 37 0 0 0 0 0
9 38 59.9385 0.534068 5.34614 1.35554 1599
9 39 58.5703 0.221432 5.06796 1.70987 6007
9 40 56.6509 0.221721 5.47515 1.37882 5774
9 41 0 0 0 0 0
9 42 0 0 0 0 0
9 43 0 0 0 0 0
9 44 0 0 0 0 0
9 45 0 0 0 0 0
9 46 0 0 0 0 0
9 47 0 0 0 0 0
9 48 0 0 0 0 0
9 49 0 0 0 0 0
9 50 0 0 0 0 0
9 51 0 0 0 0 0
9 52 0 0 0 0 0
9 53 0 0 0 0 0
9 54 57.9011 0.174785 4.92785 0.851528 6878
9 55 57.8319 0.148853 4.97791 0.898631 10354
9 56 62.3307 0.211495 5.21146 1.29882 6915
9 57 58.1774 0.183753 4.40251 1.06372 7452
9 58 58.9572 0.173231 4.71483 1.11497 8138
9 59 59.3841 0.146822 4.91879 0.968907 11175
9 60 62.6696 0.439411 6.00788 9.4357 3400
9 61 59.3594 0.151947 4.58611 1.09875 10459
9 62 58.0554 0.135336 4.68834 0.971567 12647
9 63 59.0026 0.164984 4.90627 1.09085 8494
10 0 0 0 0 0 0
10 1 63.655 0.147978 5.81936 1.38243 13012
10 2 64.7443 0.160342 5.67747 1.22319 10865
10 3 64.1603 0.194963 5.75205 1.39184 7904
10 4 64.7298 0.209864 5.13417 1.25118 7059
10 5 64.6108 0.187392 6.03236 1.41265 7926
10 6 64.2889 0.175275 5.83476 1.105 9013
10 7 63.5294 0.162599 5.40264 1.11503 10100
10 8 64.3543 0.174265 5.68066 1.11507 9555
10 9 64.3955 0.17819 5.28243 1.20549 9787
10 10 64.4478 0.159726 5.43762 1.75156 11297
10 11 64.5499 0.192999 6.23079 1.10416 7834
10 12 64.3476 0.194333 5.65086 1.20183 7490
10 13 64.5279 0.18689 5.8077 1.31002 8066
10 14 63.8602 0.14355 5.44512 1.0271 12785
10 15 64.8087 0.206514 5.7202 0.95873 7349
10 16 67.2907 0.160621 5.82402 1.36463 11704
10 17 63.2164 0.170585 5.80949 1.07175 9370
10 18 72.5771 0.101176 0.492135 8.02462 6540
10 19 66.5166 0.183866 5.54622 1.2007 8486
10 20 64.6442 0.199094 5.90594 1.22367 7390
10 21 64.1936 0.180578 5.81464 1.38577 8985
10 22 66.8292 0.17172 5.49696 1.35486 10034
10 23 64.5755 0.185286 5.97631 1.55648 8413
10 24 63.9094 0.164204 5.35239 1.01595 10434
10 25 67.2207 0.178988 5.62823 1.87212 9806
10 26 62.2217 0.160362 5.50997 1.32569 10088
10 27 67.3958 0.209215 6.10237 1.20134 7627
10 28 63.8496 0.180213 6.03102 1.37146 8641
10 29 64.022 0.16526 5.54659 1.35213 10035
10 30 65.3028 0.199551 5.74981 1.03429 7197
10 31 64.9646 0.167745 5.60557 1.30751 9665
10 32 65.8904 0.181373 5.52145 1.64398 9080
10 33 65.0114 0.192364 5.31576 1.69719 8509
10 34 63.9482 0.15641 5.56994 1.22388 11134
10 35 66.3441 0.18806 5.96597 1.09923 8996
10 36 64.9999 0.206505 6.09912 1.52478 7969
10 37 0 0 0 0 0
10 38 66.6849 0.172588 5.73401 1.30523 10329
10 39 66.6173 0.159693 5.92579 1.08463 12034
10 40 64.2534 0.198417 5.89131 1.19607 7507
10 41 64.6642 0.18053 5.37663 1.19696 8961
10 42 65.1285 0.206605 7.35169 1.69186 7296
10 43 63.2362 0.168522 6.34005 1.50936 10101
10 44 64.5094 0.171649 6.05422 1.50542 9852
10 45 64.3399 0.196159 5.89922 1.7866 7591
10 46 63.8873 0.157023 5.58796 1.04771 11381
10 47 63.8006 0.140029 5.52331 1.06736 14774
10 48 64.8202 0.206994 5.80704 1.01551 7228
10 49 63.5917 0.185563 5.74117 1.24031 8303
10 50 63.1913 0.172113 5.58427 1.23741 9083
10 51 62.3983 0.124223 5.35745 0.877649 17056
10 52 64.5823 0.175084 5.78128 1.01909 9679
10 53 62.8366 0.139818 5.59582 1.25836 14523
10 54 63.1612 0.183195 5.38763 1.40283 8178
10 55 63.8294 0.149692 5.71427 1.24092 12345
10 56 62.4872 0.152965 5.83734 1.07508 11709
10 57 64.5149 0.142008 5.57903 0.881674 14025
10 58 63.4529 0.18806 5.97162 0.812436 8213
10 59 64.0699 0.161911 5.79733 0.955033 10948
10 60 66.0744 0.16316 7.50806 3.08797 12014
10 61 61.2943 0.111974 5.34669 1.09801 19514
10 62 63.0272 0.144417 5.8053 1.20107 12923
10 63 63.6841 0.172056 5.53347 1.34923 10215
11 0 63.3152 0.106996 5.24083 1.4993 22680
11 1 63.8217 0.125111 5.3101 1.22058 17428
11 2 67.0062 0.166343 6.03634 1.05059 12036
11 3 68.0145 0.19362 5.88043 1.12698 8158
11 4 64.2324 0.212928 5.73714 1.28534 6755
11 5 64.7785 0.199822 6.32061 1.15793 7771
11 6 63.8356 0.161041 5.58038 1.36569 10853
11 7 62.3755 0.20361 5.79284 1.53461 7695
11 8 65.7115 0.187474 6.24191 1.18191 8630
11 9 62.4698 0.166528 5.73323 1.22928 10274
11 10 63.1543 0.15089 5.60188 1.42828 11809
11 11 64.6457 0.204939 7.3297 2.30165 7333
11 12 0 0 0 0 0
11 13 63.6585 0.200681 5.7487 1.24078 7041
11 14 63.923 0.135209 5.82997 1.29989 15088
11 15 64.7689 0.213534 6.08421 0.867901 6754
11 16 61.7287 0.156801 5.24382 1.34806 11339
11 17 63.7023 0.164909 5.74072 1.16324 10213
11 18 64.7989 0.203152 6.0963 1.36962 6882
11 19 67.4687 0.210366 5.8173 1.02781 6719
11 20 64.5012 0.210652 6.40914 0.974419 7113
11 21 67.247 0.15956 6.07499 1.50071 11245
11 22 64.0878 0.194988 5.86875 1.24853 7891
11 23 64.5209 0.192753 6.02067 1.41613 7602
11 24 64.3959 0.155583 5.89719 0.822131 11580
11 25 63.1219 0.20128 5.94022 1.19644 7063
11 26 63.4632 0.157267 5.45918 1.18799 12142
11 27 65.4435 0.210853 6.29593 1.36035 6911
11 28 67.6613 0.214247 6.48601 1.00667 7413
11 29 64.3567 0.163907 5.90562 1.11407 10861
11 30 64.7911 0.211703 6.45519 1.12094 7280
11 31 64.0748 0.192631 5.77866 0.947372 7724
11 32 62.7609 0.208926 6.0233 1.02423 7504
11 33 67.9418 0.209051 6.4462 1.353 7330
11 34 64.2252 0.150188 5.36763 1.2624 13221
11 35 63.0668 0.180528 5.62956 1.0301 9142
11 36 64.1242 0.207501 6.434 1.19856 7132
11 37 0 0 0 0 0
11 38 63.3956 0.144536 5.46485 1.08973 13304
11 39 64.4969 0.164828 5.67511 1.0504 10551
11 40 0 0 0 0 0
11 41 66.9709 0.179916 6.30135 0.95919 9845
11 42 64.8175 0.231373 5.91382 1.21684 5954
11 43 64.5778 0.178577 6.02723 1.34802 9753
11 44 63.2438 0.143816 5.76804 1.24456 13700
11 45 64.7581 0.186628 5.56274 1.09081 8323
11 46 63.9664 0.150183 6.05086 1.73668 12658
11 47 63.9122 0.132061 5.35737 1.43126 16633
11 48 65.5832 0.208641 5.78363 1.17546 6859
11 49 64.0491 0.210382 5.8727 1.10336 6866
11 50 64.0179 0.167431 5.91224 1.23826 10524
11 51 64.4332 0.154296 5.95824 1.20043 11918
11 52 64.0509 0.180138 6.15037 1.43603 8977
11 53 63.1961 0.129032 5.59744 1.11013 17035
11 54 63.889 0.181834 5.66663 1.11658 8489
11 55 64.7897 0.163677 5.58942 1.11072 10663
11 56 62.8959 0.184077 6.17051 1.33746 8496
11 57 62.9923 0.187005 6.05264 0.965452 8873
11 58 63.1381 0.206229 6.38178 1.28789 7393
11 59 62.9394 0.168284 5.97675 1.39097 10507
11 60 64.5997 0.148737 5.60125 1.40292 13762
11 61 63.2591 0.137645 5.79578 1.24538 15198
11 62 62.8237 0.151819 7.13775 2.83556 12350
11 63 64.205 0.19733 5.52062 1.22749 7465
12 0 65.3636 0.122541 5.64022 1.3531 18749
12 1 65.8024 0.139976 5.63806 1.15947 15734
12 2 66.0113 0.144728 5.89098 1.54989 14172
12 3 67.2078 0.1747 5.77864 1.32332 9132
12 4 67.4322 0.207675 5.91115 1.0054 7752
12 5 66.8651 0.192886 6.15317 1.02217 8487
12 6 66.9785 0.165242 5.71639 1.24512 11624
12 7 65.5331 0.169043 5.91519 1.17303 10448
12 8 67.3642 0.171775 6.10132 1.27977 9986
12 9 65.9592 0.155874 5.8935 1.27549 11871
12 10 65.7007 0.146107 5.61973 1.24889 13712
12 11 66.3674 0.195511 6.39978 1.27293 8630
12 12 67.8209 0.186008 5.75144 1.0494 8886
12 13 65.92 0.176712 6.00154 1.35267 9274
12 14 66.053 0.15145 5.65179 1.49085 12904
12 15 65.111 0.198559 6.32414 1.54956 7769
12 16 67.3025 0.143101 6.02475 1.26276 14762
12 17 66.793 0.176831 6.01229 1.58775 9983
12 18 66.9065 0.20804 6.02706 0.885165 7683
12 19 66.6142 0.17585 5.97291 1.08286 9806
12 20 66.6309 0.200308 6.25491 1.34128 7269
12 21 65.8641 0.154632 5.71891 1.4879 11322
12 22 66.6161 0.166005 5.76714 1.378 10118
12 23 67.2627 0.199287 6.19198 1.32591 8284
12 24 67.0374 0.167428 6.2137 1.36663 11737
12 25 66.0932 0.178908 6.39107 1.40421 9320
12 26 67.239 0.164588 5.92312 1.2053 10766
12 27 68.0187 0.20467 6.13131 0.931939 7721
12 28 67.7453 0.188473 6.37862 1.40083 8994
12 29 64.4176 0.188439 6.00137 1.17614 8499
12 30 68.021 0.210863 6.20022 1.22806 7321
12 31 66.4543 0.193774 5.64103 1.0242 8320
12 32 67.6817 0.196938 6.1689 1.18015 8212
12 33 67.5549 0.205265 6.17406 1.11061 7085
12 34 66.8059 0.173908 5.90652 1.11949 9986
12 35 67.614 0.188525 6.32741 0.712354 8817
12 36 67.1324 0.220282 6.68328 1.39463 6568
12 37 0 0 0 0 0
12 38 66.8609 0.161457 5.87133 1.01442 11317
12 39 68.2719 0.196764 6.06361 0.984483 8528
12 40 67.1796 0.223806 6.78521 0.988566 6741
12 41 67.8354 0.196253 6.35941 1.07427 8219
12 42 68.1248 0.217333 5.97967 1.12587 6899
12 43 66.3182 0.203848 6.71483 1.36293 8049
12 44 67.4839 0.159472 5.73359 1.20262 10978
12 45 68.0692 0.210955 6.70904 1.27566 7460
12 46 64.963 0.18556 6.27508 1.06459 8954
12 47 64.5917 0.166893 5.84521 1.44511 10854
12 48 67.7973 0.226775 6.73707 0.923663 6745
12 49 67.0675 0.199776 5.89909 1.13101 7620
12 50 67.0031 0.185981 6.16848 0.778524 8856
12 51 66.5531 0.185925 6.31656 0.933863 9457
12 52 65.8414 0.184192 6.01717 1.05655 8515
12 53 66.8711 0.168982 5.81246 1.11589 10818
12 54 66.034 0.19434 6.37051 1.31394 8380
12 55 63.9491 0.177381 5.83106 1.06378 9765
12 56 66.3997 0.188205 6.20066 0.978846 8590
12 57 66.4503 0.183864 6.27647 0.722449 9331
12 58 66.8538 0.188021 5.70444 1.4603 8541
12 59 68.1046 0.184561 5.51361 1.10135 9384
12 60 66.2593 0.190309 6.21911 0.96005 9263
12 61 65.8665 0.167707 6.05481 1.34797 10870
12 62 66.1779 0.163466 5.91934 1.18226 11899
12 63 66.1222 0.177549 5.8813 1.07786 9294
13 0 64.7226 0.158069 5.8941 1.16161 12076
13 1 65.4259 0.171009 6.04303 1.10396 10826
13 2 65.3742 0.191656 6.3232 1.00213 8478
13 3 66.6892 0.199265 5.93935 1.29427 8705
13 4 65.1749 0.232974 6.81196 1.16176 6404
13 5 65.4837 0.19387 5.47672 0.849455 8168
13 6 65.3183 0.190932 5.99506 1.33648 8686
13 7 64.2917 0.18249 5.4924 1.47848 9685
13 8 65.2107 0.196473 5.62943 0.90365 8492
13 9 65.8323 0.186184 6.01942 1.00418 8938
13 10 65.4142 0.182569 5.94508 0.84033 9527
13 11 64.7778 0.227163 6.24209 1.4182 6769
13 12 63.4184 0.19049 5.5432 1.19378 8375
13 13 65.9693 0.202053 5.7261 1.40586 7914
13 14 64.9223 0.149235 5.88346 0.944067 13302
13 15 65.9151 0.206566 5.88872 1.25297 7418
13 16 68.6243 0.187363 5.67103 1.67448 10095
13 17 65.2512 0.194476 5.6336 1.2512 8614
13 18 65.1377 0.209994 5.90582 1.3661 7772
13 19 65.5314 0.202541 6.15754 1.44436 7964
13 20 65.4541 0.237267 5.64849 1.32792 6164
13 21 65.5612 0.184323 5.76232 0.956915 9007
13 22 65.379 0.175395 5.54652 1.06996 9469
13 23 64.7276 0.221185 5.8886 1.51039 6604
13 24 65.1662 0.157751 5.39626 1.40355 11126
13 25 72.5315 0.0726737 0.459531 7.79604 8488
13 26 65.8774 0.171391 5.67671 1.15139 10156
13 27 65.5963 0.210545 6.08036 1.46292 7311
13 28 65.151 0.190997 5.59371 1.31198 9150
13 29 66.0108 0.188223 5.99951 1.53798 8878
13 30 66.1335 0.223179 5.92178 1.4387 7223
13 31 65.4234 0.175565 5.60646 1.36567 10072
13 32 65.3515 0.165606 5.36644 1.65049 10474
13 33 65.4229 0.196678 5.70552 1.65239 9105
13 34 68.2816 0.174856 6.02509 1.41964 11047
13 35 65.0301 0.169848 5.61808 1.08604 10142
13 36 65.343 0.212829 6.11179 1.74187 7228
13 37 0 0 0 0 0
13 38 72.2987 0.065911 0.450341 8.17789 9049
13 39 65.1635 0.1575 5.19174 1.74544 11630
13 40 65.5286 0.227494 6.25072 1.22847 6546
13 41 65.6237 0.179647 6.25105 1.15247 10241
13 42 66.0089 0.21481 5.6995 1.68977 7297
13 43 65.5946 0.17831 5.85129 1.14959 9618
13 44 65.2807 0.177722 6.0108 0.966564 9443
13 45 66.03 0.189005 5.65849 1.3319 8828
13 46 65.2633 0.160392 5.40812 1.1648 11715
13 47 64.849 0.161489 5.40226 1.25453 11896
13 48 64.7205 0.207954 6.01108 0.944572 7512
13 49 64.4978 0.209057 5.96872 1.07389 7258
13 50 65.6758 0.185728 5.35083 1.49108 9145
13 51 64.4427 0.125216 5.32293 1.54182 17702
13 52 65.5639 0.177476 5.97826 1.24394 9884
13 53 64.6861 0.156937 5.34831 1.08102 12383
13 54 65.5329 0.186562 5.69611 1.42678 8481
13 55 64.3261 0.160994 5.46267 1.1536 11658
13 56 65.0709 0.172212 5.5524 1.31608 11167
13 57 64.8266 0.168632 7.42569 2.59856 11182
13 58 66.0377 0.197901 5.94234 1.13183 7985
13 59 65.3427 0.156741 5.71392 1.26329 12585
13 60 64.7138 0.171336 6.00816 1.46818 11027
13 61 67.4536 0.122518 5.45181 1.38639 22656
13 62 64.7226 0.1435 5.65767 1.56843 14644
13 63 64.7044 0.186474 5.74745 1.4747 8663
14 0 62.8544 0.13391 5.33458 1.26726 14666
14 1 62.9088 0.139797 5.49513 1.77121 13518
14 2 62.504 0.140847 5.22524 1.1786 12700
14 3 63.6043 0.176774 5.76496 1.32198 8428
14 4 65.4795 0.202379 6.22718 1.48866 7226
14 5 63.6738 0.192829 6.13549 0.974464 7423
14 6 62.6511 0.151271 5.59398 1.04485 11432
14 7 62.8712 0.162282 5.87283 1.38547 10134
14 8 62.5918 0.177222 5.18774 1.44206 8322
14 9 62.6588 0.146844 5.51872 1.4045 12278
14 10 62.7188 0.131413 5.32196 0.931993 14523
14 11 62.3688 0.193798 6.15274 1.21653 7476
14 12 65.6293 0.197709 6.25507 1.15311 7937
14 13 63.2335 0.168033 5.60997 1.09619 9265
14 14 62.4742 0.165042 6.74649 2.06612 9458
14 15 63.0977 0.191056 6.21945 1.10899 7539
14 16 63.6553 0.132082 5.61931 1.41459 14604
14 17 63.3441 0.196533 6.11418 1.09232 7691
14 18 63.2085 0.199005 6.02155 1.2526 7224
14 19 63.3086 0.168228 5.59216 1.36102 9744
14 20 63.6065 0.217148 6.35701 1.22668 6255
14 21 63.0983 0.147728 5.65377 0.903364 12072
14 22 64.1486 0.162241 5.5586 1.2522 10025
14 23 62.8685 0.202256 5.90673 1.26474 6768
14 24 62.7339 0.174714 5.71299 1.37746 8794
14 25 62.9087 0.185928 5.19298 1.5085 8472
14 26 63.1504 0.174098 5.93019 1.43525 8949
14 27 64.4224 0.197268 5.48798 1.09526 6932
14 28 63.8994 0.177919 5.66734 1.06675 8234
14 29 66.4914 0.204387 5.55561 1.23484 6965
14 30 64.1213 0.216816 6.05817 1.29466 6257
14 31 63.2289 0.184432 5.67512 1.16153 7746
14 32 63.6382 0.192045 6.03286 1.00709 7466
14 33 63.685 0.207616 5.52814 1.2347 6328
14 34 63.0404 0.177596 5.4818 1.58556 7762
14 35 62.033 0.165937 5.41395 1.50683 9554
14 36 63.9355 0.22615 6.06942 0.986431 5928
14 37 0 0 0 0 0
14 38 64.9669 0.181044 5.80541 1.24883 8786
14 39 63.1496 0.223154 5.47327 1.09718 5023
14 40 66.3089 0.232712 6.53134 1.52421 5787
14 41 63.2135 0.165835 5.39015 1.04113 8995
14 42 62.7107 0.197994 5.45215 1.36885 6920
14 43 62.2062 0.193982 6.77778 1.88152 7097
14 44 63.1337 0.173764 5.1635 0.798219 8254
14 45 63.7433 0.193646 5.62267 1.28826 7345
14 46 63.3275 0.194613 5.99557 1.10629 7512
14 47 64.4104 0.203902 5.61557 1.49515 6615
14 48 62.8596 0.197995 5.81329 1.13957 6977
14 49 62.8258 0.185481 5.53088 1.02623 7732
14 50 62.6778 0.198325 5.33772 1.05354 6814
14 51 61.7359 0.203482 5.42633 1.21035 6350
14 52 62.7546 0.17346 5.37987 1.05028 8680
14 53 62.7875 0.217218 6.19653 0.955838 6422
14 54 62.4274 0.199154 5.00745 1.14281 6516
14 55 62.3859 0.177409 5.65192 1.28003 7961
14 56 62.152 0.234072 5.69224 1.23431 4973
14 57 61.6885 0.221527 6.81619 1.82365 5463
14 58 62.4223 0.196199 5.29058 1.28462 6256
14 59 61.4807 0.156336 5.36927 1.788 10291
14 60 61.9363 0.220587 5.60915 0.965451 5366
14 61 64.2624 0.201511 5.80837 1.14745 7366
14 62 61.334 0.176197 5.50581 1.34723 9340
14 63 62.9898 0.196313 5.73773 0.861584 7147
15 0 65.2784 0.201559 5.67891 1.17687 7865
15 1 68.6651 0.241767 6.00424 1.23889 7041
15 2 67.5854 0.263397 6.04337 1.31071 5566
15 3 0 0 0 0 0
15 4 65.6013 0.220875 5.83827 1.21965 7058
15 5 64.9185 0.225942 6.48026 1.32956 6324
15 6 65.474 0.268385 5.39461 1.09601 4867
15 7 63.4761 0.204882 5.65567 1.0099 7938
15 8 64.6612 0.221355 6.11161 1.26345 6471
15 9 0 0 0 0 0
15 10 0 0 0 0 0
15 11 63.3052 0.212788 5.55859 1.17566 7044
15 12 63.5493 0.219832 6.35566 1.20335 6774
15 13 64.5594 0.179588 5.75961 0.846228 9104
15 14 64.6246 0.165342 5.69145 1.02602 10436
15 15 64.5161 0.191323 5.89359 0.969921 7927
15 16 66.4949 0.223344 5.50824 1.27666 6205
15 17 64.6856 0.183121 5.24715 0.958427 9096
15 18 64.2994 0.20469 6.14 1.42649 7388
15 19 63.1393 0.174145 5.19567 1.41705 8937
15 20 64.9097 0.24148 4.92909 1.20246 5959
15 21 64.7788 0.240736 5.67485 1.01148 5304
15 22 64.9068 0.184697 5.47573 1.34241 8347
15 23 65.619 0.235924 6.47007 0.903877 6347
15 24 66.28 0.186687 5.85998 0.89284 9167
15 25 64.6556 0.218203 5.40773 1.09834 6831
15 26 65.3939 0.156789 5.55333 1.47416 11415
15 27 67.2696 0.232357 6.50246 0.983665 6589
15 28 69.2832 0.223768 6.05362 1.41268 7334
15 29 65.1413 0.208855 5.62712 0.986924 7328
15 30 65.2889 0.22358 5.282 1.30752 6462
15 31 63.4572 0.219264 5.69026 1.03576 6701
15 32 64.8472 0.207821 5.54831 1.21791 7277
15 33 64.0968 0.222171 5.74563 1.23243 6693
15 34 64.9758 0.196083 5.99991 1.06981 8237
15 35 70.5698 0.0821169 0.50522 6.73262 8082
15 36 63.8946 0.233017 6.13802 1.04838 6424
15 37 0 0 0 0 0
15 38 64.5253 0.198371 7.49887 2.55679 8476
15 39 68.1402 132.559 11.6703 27.51 12653
15 40 0 0 0 0 0
15 41 65.4274 0.19292 5.94801 1.20135 8148
15 42 62.4002 0.198742 5.79605 1.33378 7209
15 43 64.4604 0.206187 6.16559 1.17806 7613
15 44 63.1872 0.186052 6.1158 1.11018 8676
15 45 64.5241 0.214492 6.1814 1.01149 7192
15 46 64.5198 0.193156 6.02741 0.8739 7900
15 47 63.8598 0.146136 5.32178 1.79809 12954
15 48 64.3561 0.198033 5.63203 1.05101 7747
15 49 63.5997 0.206888 6.06207 1.40621 7255
15 50 63.8081 0.190849 5.74829 1.2608 8158
15 51 64.899 0.147568 5.88863 1.32315 13587
15 52 65.7251 0.191804 5.78479 1.40955 8699
15 53 64.3358 0.149683 5.50925 1.20733 13860
15 54 64.6196 0.198458 6.30097 1.03035 8321
15 55 64.2496 0.185331 6.18604 1.15103 8837
15 56 64.3806 0.159801 5.64867 1.40385 11881
15 57 64.1001 0.152538 5.86626 0.928574 12516
15 58 64.2455 0.20417 5.99096 1.04585 7809
15 59 64.0449 0.183439 6.0463 1.52523 9187
15 60 64.7867 0.156724 5.64896 1.40555 12676
15 61 63.6891 0.136934 5.77747 1.21572 15160
15 62 65.0426 0.176833 6.10675 0.840803 10082
15 63 64.9571 0.194627 5.59705 1.31692 8516
