#mip results dif_1_1_5
#chip channel mpv empv widthmpv chi2ndf nentries
0 0 0 0 0 0 0
0 1 114.979 8.72562 21.0319 0.670876 259
0 2 113.384 3.36238 12.4609 0.742653 295
0 3 98.1649 2.70366 9.07758 0.635355 241
0 4 110.673 18.1468 50.9109 0.642352 400
0 5 109.101 4.75081 12.3626 0.832949 292
0 6 106.731 4.91091 13.8303 0.499608 235
0 7 0 0 0 0 0
0 8 86.9869 1.31093 6.72848 0.490841 276
0 9 105.962 4.70849 17.3494 0.432492 212
0 10 91.0363 23.2337 65.3854 0.392809 247
0 11 71.1864 1.78302 1.12848 1.06328 264
0 12 95.8378 20.449 48.8161 0.880776 334
0 13 113.098 3.4764 11.9286 0.70322 232
0 14 171.392 32.528 100 0.470304 336
0 15 104.883 3.88517 11.574 0.725793 271
0 16 0 0 0 0 0
0 17 50.876 1.46442 2.46992 1.14961 229
0 18 96.9898 1.51173 5.94248 0.885735 304
0 19 118.291 13.4568 23.3602 0.478249 239
0 20 148.997 6.68857 19.7022 0.526217 228
0 21 96.739 5.26341 2.51525 0.71476 320
0 22 103.743 8.07532 22.0436 0.457883 235
0 23 148.841 4.61436 9.71859 0.503098 229
0 24 83.386 2.95039 10.2225 0.802292 252
0 25 152.765 9.15855 29.0578 0.498887 251
0 26 140.38 10.8261 32.6815 0.392349 251
0 27 90.7695 4.77577 18.36 1.01936 397
0 28 101.038 2.83688 13.9169 0.782203 297
0 29 58.7878 2.31215 7.49792 1.38277 218
0 30 80.7412 1.11607 5.30641 0.861219 307
0 31 105.368 3.6785 11.0465 0.713411 280
0 32 106.97 1.72887 7.67365 0.73029 304
0 33 99.942 2.82601 10.766 0.794525 310
0 34 132.605 12.5765 46.9047 0.473667 357
0 35 115.667 3.26974 12.8261 0.524309 292
0 36 0 0 0 0 0
0 37 137.911 5.65194 13.942 0.503686 247
0 38 111.2 4.81839 15.0654 0.564153 279
0 39 47.8546 1.47008 2.21642 0.87317 338
0 40 0 0 0 0 0
0 41 135.083 10.1938 32.1666 0.687055 289
0 42 55.4781 0.698998 2.8701 1.12232 248
0 43 0 0 0 0 0
0 44 113.519 5.29387 17.2802 0.543057 267
0 45 96.4198 2.21722 3.91907 0.706376 245
0 46 38.1487 0.63202 3.90785 0.935721 367
0 47 108.261 9.51975 36.918 0.548514 277
0 48 4.69479e-05 263.395 9.75898 0.50792 133
0 49 151.27 25.9235 55.6909 0.599341 301
0 50 97.5152 3.72242 15.5958 0.58936 303
0 51 140.188 4.69778 20.2191 0.68534 375
0 52 44.2114 0.971695 2.67794 0.8621 295
0 53 117.335 2.79074 11.092 0.605152 250
0 54 0.000951518 299.061 15.9912 0.561661 154
0 55 67.188 0.822751 5.0812 0.755236 322
0 56 145.016 4.91864 17.0729 0.577776 318
0 57 106.876 18.9507 61.2681 0.713679 413
0 58 146.498 8.78373 20.7194 0.544025 294
0 59 48.8854 1.26602 7.29842 0.902772 351
0 60 75.2392 1.49844 7.02172 0.663708 284
0 61 92.6464 9.0552 34.2683 0.971282 417
0 62 77.7398 1.14073 6.28678 0.61013 289
0 63 65.9458 1.43838 6.2719 0.926077 319
1 0 139.005 14.7057 34.1217 0.439193 346
1 1 162.674 5.97764 22.2675 0.574682 328
1 2 154.934 15.6714 21.2441 0.577351 328
1 3 113.552 3.76642 11.8419 0.796279 322
1 4 69.6148 0.947446 5.36457 0.67837 326
1 5 91.4492 1.17454 5.61404 0.920242 337
1 6 102.478 3.37978 11.7231 0.756236 349
1 7 156.97 6.06474 33.1664 0.526708 357
1 8 94.4918 2.06358 9.32226 0.890985 299
1 9 133.001 6.85167 18.3388 0.725267 327
1 10 148.399 6.0747 22.7874 0.552804 329
1 11 65.6026 1.09795 5.36382 0.964171 301
1 12 150.961 5.57077 21.0997 0.644418 343
1 13 105.587 8.04836 37.328 0.873445 387
1 14 76.0885 1.11452 0.984736 1.20006 550
1 15 87.829 1.67566 6.91603 0.824028 333
1 16 165.317 5.81999 23.6738 0.500907 344
1 17 50.2525 3.37814 6.63397 1.07285 286
1 18 72.0465 1.05357 6.58577 0.703249 374
1 19 83.6047 1.31861 11.0612 1.2077 1322
1 20 76.5894 1.37536 6.82487 0.965212 295
1 21 123.294 5.35259 16.0054 0.800698 347
1 22 134.372 6.07908 17.2373 0.63238 304
1 23 64.8235 1.06609 6.06247 1.13535 314
1 24 75.7841 0.826451 4.27811 0.766626 323
1 25 0 0 0 0 0
1 26 143.176 25.556 100 0.639686 430
1 27 67.6463 1.14918 7.2804 0.75587 315
1 28 83.9697 0.938661 5.29319 0.809013 374
1 29 41.6262 2.27953 13.2737 0.834039 429
1 30 0 0 0 0 0
1 31 0 0 0 0 0
1 32 63.851 0.75411 4.68754 0.743845 367
1 33 0 0 0 0 0
1 34 43.8553 0.648907 3.89739 0.722265 286
1 35 155.897 19.2577 76.873 0.653226 397
1 36 0 0 0 0 0
1 37 0 0 0 0 0
1 38 78.6101 2.26096 8.55112 0.415103 159
1 39 108.323 14.8839 39.7943 0.737033 313
1 40 67.4633 0.979405 4.89234 0.52201 299
1 41 65.8078 0.9087 4.22178 1.05545 308
1 42 50.5433 2.57914 1.17195 0.623398 327
1 43 41.5013 0.907913 2.07995 1.00538 239
1 44 109.41 6.95279 23.0137 0.573743 276
1 45 54.5282 1.29947 4.91679 0.644476 194
1 46 60.62 150.453 71.4484 0.613024 182
1 47 148.72 11.3809 45.2355 0.522816 304
1 48 66.1041 3.3429 24.9285 1.23197 4284
1 49 0 0 0 0 0
1 50 60.9414 1.29784 5.98968 1.10489 260
1 51 59.3792 1.30844 8.13342 0.915847 406
1 52 40.5427 1.56125 7.37979 0.77409 235
1 53 150.47 9.49619 32.6331 0.486467 274
1 54 54.267 0.892313 3.79284 0.689368 241
1 55 146.09 12.1295 36.4918 0.384765 249
1 56 113.672 5.62581 23.3995 0.407211 288
1 57 0 0 0 0 0
1 58 149.71 13.0634 38.0743 0.460086 264
1 59 39.9944 0.813377 4.72246 0.665896 251
1 60 76.4712 1.7365 6.52374 0.730444 260
1 61 142.858 8.16248 30.238 0.672448 314
1 62 143.502 14.5201 44.2316 0.519123 244
1 63 52.2663 1.03339 3.99868 0.470215 216
2 0 125.645 6.90618 32.8874 0.591767 361
2 1 156.511 5.64964 23.5952 0.557706 356
2 2 133.648 16.3559 31.5507 0.763813 332
2 3 48.3268 0.677613 4.53739 0.739455 363
2 4 75.5143 1.44536 6.48703 0.73084 296
2 5 159.214 4.5986 22.7592 0.622077 354
2 6 149.221 9.88708 37.0818 0.580873 328
2 7 138.033 4.44681 15.8974 0.672692 298
2 8 162.792 7.63698 22.8161 0.501821 305
2 9 76.0327 1.33581 5.43704 0.642933 313
2 10 122.62 4.24164 13.3793 0.812412 293
2 11 75.0506 1.46883 8.72049 1.25446 1025
2 12 159.829 9.26859 33.0677 0.489423 323
2 13 113.402 2.7362 9.05398 0.613255 300
2 14 132.673 3.26106 13.8194 0.520473 351
2 15 153.756 10.638 36.7552 0.479999 288
2 16 126.648 12.4677 45.6988 0.440947 272
2 17 164.063 7.4444 22.4185 0.54619 279
2 18 85.031 2.06261 13.2418 0.785466 418
2 19 135.172 5.4984 17.5176 0.551756 289
2 20 83.2942 1.32027 7.7424 0.557698 313
2 21 58.0791 1.13244 2.9904 0.737097 313
2 22 126.624 6.05147 17.3086 0.639721 277
2 23 79.6906 1.29753 4.62898 0.771159 318
2 24 129.821 2.86007 15.1541 0.640704 349
2 25 118.144 6.25084 24.5665 0.528957 308
2 26 111.828 3.61932 15.0801 0.562939 305
2 27 168.927 10.8677 40.4329 0.492541 299
2 28 90.3473 1.96315 9.12694 1.13436 274
2 29 154.67 8.54532 32.5799 0.677866 341
2 30 100.773 5.24236 29.6832 0.655723 449
2 31 159.286 9.2743 29.851 0.5061 251
2 32 97.813 4.40876 26.3665 1.16269 667
2 33 79.9369 3.10372 3.34411 1.10105 586
2 34 0 0 0 0 0
2 35 129.269 21.4756 70.3601 0.801704 347
2 36 83.5363 49.1909 100 0.814315 566
2 37 0 0 0 0 0
2 38 126.821 3.97578 13.7232 0.761226 316
2 39 150.421 14.2778 58.6454 0.600577 356
2 40 0 0 0 0 0
2 41 127.885 3.49025 12.4205 0.689853 288
2 42 50.8023 0.605839 3.19637 1.33181 314
2 43 159.751 4.39698 16.5554 0.653798 365
2 44 135.998 6.28337 17.556 0.578832 285
2 45 1.03002 150.376 35.2604 1.07876 576
2 46 92.5518 4.36621 13.5912 0.860837 296
2 47 161.28 7.16245 25.3131 0.558167 291
2 48 53.2032 0.66538 4.02778 0.561829 325
2 49 0.00147136 250.042 24.506 0.551815 101
2 50 160.52 6.71633 26.7439 0.770301 350
2 51 163.118 8.2301 35.4604 0.639405 394
2 52 64.5837 1.28172 6.37277 1.05481 310
2 53 139.795 4.8069 21.3192 0.657059 344
2 54 59.4117 0.199888 0.321249 0.514945 129
2 55 0 0 0 0 0
2 56 75.2225 4.03123 24.2511 1.43676 2326
2 57 126.411 3.77973 14.8218 0.525108 336
2 58 109.453 6.18696 13.3665 0.770803 292
2 59 81.4963 2.2885 10.5402 0.939194 324
2 60 135.778 3.73595 17.0515 0.750089 391
2 61 152.81 19.5378 79.1291 0.588232 409
2 62 83.2886 2.12481 9.46896 0.930422 310
2 63 70.9337 1.13382 8.19618 1.60591 774
3 0 117.473 2.67856 5.86434 0.6323 408
3 1 122.646 6.50987 32.0244 0.549196 358
3 2 145.12 6.69416 28.1253 0.665186 350
3 3 0 0 0 0 0
3 4 156.928 5.53589 21.1279 0.535439 327
3 5 113.324 3.09749 7.77783 0.782369 404
3 6 122.531 5.46458 21.626 0.665738 380
3 7 151.997 7.96741 38.027 0.609665 398
3 8 122.145 3.20142 12.5382 0.713428 319
3 9 139.644 6.75935 32.6681 0.681927 400
3 10 125.941 10.741 51.376 0.6974 439
3 11 134.299 3.50591 9.61615 0.699152 341
3 12 122.451 4.25094 15.7475 0.720007 340
3 13 157.063 6.95731 27.4131 0.60176 340
3 14 84.2543 2.72334 9.09445 0.951843 394
3 15 152.296 5.52214 23.3834 0.52651 328
3 16 133.099 10.3546 56.2448 0.739492 465
3 17 109.884 2.78136 11.8475 0.675054 328
3 18 132.805 4.36981 18.2672 0.49706 407
3 19 132.452 10.6036 41.772 0.690396 350
3 20 158.661 7.35315 20.9238 0.692291 346
3 21 127.271 3.63591 15.4369 0.605202 376
3 22 138.859 3.31501 15.1424 0.8068 409
3 23 165.952 5.95814 30.715 0.459229 329
3 24 155.628 5.2198 20.2575 0.638293 348
3 25 148.365 5.00129 22.4036 0.605513 419
3 26 107.323 37.8603 100 1.85058 874
3 27 133.691 5.31641 17.3735 0.658838 307
3 28 137.28 7.1828 21.2168 0.620178 342
3 29 124.334 4.26958 13.942 0.705296 304
3 30 125.936 2.65056 12.3712 0.651451 335
3 31 138.361 3.81979 18.8024 0.555897 437
3 32 160.641 7.58745 25.69 0.582545 348
3 33 131.673 2.95475 13.4107 0.754114 359
3 34 90.589 2.678 12.2027 0.612495 305
3 35 156.82 14.2921 55.3994 0.670971 351
3 36 153.247 6.52033 25.3212 0.670717 326
3 37 87.1045 1.09782 5.51435 1.05364 2549
3 38 156.082 5.28983 22.5339 0.652298 350
3 39 125.589 5.3269 15.4853 0.806551 332
3 40 94.8474 1.55457 9.08316 0.818571 303
3 41 131.602 11.2968 36.7035 0.542441 301
3 42 94.002 1.87668 7.92631 0.600022 305
3 43 94.1318 1.78926 8.95519 0.594035 308
3 44 0 0 0 0 0
3 45 151.843 5.5512 21.6899 0.567835 346
3 46 100.958 7.76304 33.6929 0.699212 323
3 47 140.679 6.7464 30.2631 0.589706 366
3 48 128.957 4.08662 14.4693 0.593944 333
3 49 160.542 6.79501 21.648 0.582601 345
3 50 138.306 3.79137 16.0548 0.92289 345
3 51 128.65 5.36969 21.4452 0.649966 401
3 52 110.648 2.53419 13.4351 0.714696 294
3 53 141.1 4.02353 17.1115 0.47475 339
3 54 128.693 3.60182 13.1633 0.623821 314
3 55 124.025 4.61852 17.0102 0.634878 329
3 56 127.952 2.23133 14.1224 0.794975 354
3 57 69.4801 1.15046 4.65295 1.07105 382
3 58 126.048 4.15445 15.4043 0.84853 307
3 59 155.212 5.50889 20.9211 0.499443 333
3 60 127.977 4.88107 17.4785 0.634122 353
3 61 123.691 6.94747 20.5846 0.585771 372
3 62 126.904 4.01001 15.0235 0.605857 327
3 63 161.116 6.58925 28.7258 0.724975 347
4 0 160.5 10.8111 29.4599 0.500501 353
4 1 147.616 9.63001 37.7287 0.634774 327
4 2 164.755 6.87179 31.808 0.510907 342
4 3 154.895 5.43999 17.9189 0.65197 335
4 4 149.644 4.14693 13.6099 0.678057 330
4 5 153.787 7.0084 27.9731 0.52585 311
4 6 154.1 6.93718 32.5139 0.514256 356
4 7 155.647 7.01621 30.3354 0.430265 296
4 8 154.936 4.64279 17.3569 0.56528 310
4 9 140.962 12.8158 51.3172 0.691794 352
4 10 161.598 9.84045 40.3017 0.465799 327
4 11 154.664 8.23759 23.5123 0.568723 313
4 12 154.894 4.5088 16.6882 0.784282 299
4 13 156.013 7.13319 22.2023 0.597579 295
4 14 154.395 6.98856 23.2271 0.614152 333
4 15 154.16 3.3745 15.8245 0.71766 354
4 16 144.141 7.61897 30.9067 0.633601 326
4 17 158.65 5.72623 20.1077 0.624868 309
4 18 149.8 6.00596 17.6755 0.524889 320
4 19 147.63 11.5369 41.8785 0.555968 294
4 20 142.981 5.2896 16.9667 0.67037 317
4 21 155.118 4.90065 20.7798 0.690929 378
4 22 155.483 8.74844 27.0013 0.574716 285
4 23 158.98 4.67763 17.7089 0.614355 291
4 24 156.53 5.18933 22.0335 0.61702 335
4 25 158.115 6.24878 26.5009 0.37391 268
4 26 158.349 8.29083 28.1549 0.556882 327
4 27 155.524 4.09677 16.3869 0.562227 311
4 28 160.883 10.0458 29.1048 0.575662 314
4 29 156.381 5.43315 18.194 0.634189 332
4 30 147.985 5.91928 19.4859 0.6086 302
4 31 150.994 7.98641 27.0131 0.505319 241
4 32 145.183 8.3293 29.244 0.56351 276
4 33 146.555 6.10424 23.4332 0.605937 289
4 34 160.059 4.32637 18.337 0.630967 317
4 35 156.415 6.34892 24.5669 0.538487 251
4 36 147.207 6.53383 21.1326 0.628009 304
4 37 0 0 0 0 0
4 38 154.238 10.108 35.3304 0.633026 276
4 39 160.709 4.6196 19.3559 0.527742 319
4 40 147.356 4.45464 14.6467 0.581862 299
4 41 149.338 10.0337 32.9325 0.49401 254
4 42 158.571 13.376 30.9551 0.617157 293
4 43 156.734 5.21959 19.6934 0.506097 299
4 44 148.991 4.35693 14.3237 0.615457 281
4 45 155.554 5.22968 21.4152 0.529208 321
4 46 150.563 8.95083 37.2064 0.513771 339
4 47 145.699 10.6488 25.6761 0.494444 285
4 48 148.676 5.54411 20.9575 0.662653 298
4 49 164.006 5.08175 19.0816 0.562079 316
4 50 150.581 6.43659 20.1027 0.548132 296
4 51 140.821 12.1485 52.2948 0.625674 340
4 52 158.94 2.59445 11.7922 0.576966 316
4 53 132.679 7.31629 20.9743 0.597686 289
4 54 155.991 4.36207 18.6191 0.58067 359
4 55 155.623 4.48575 17.6289 0.699412 310
4 56 151.295 4.88456 21.0435 0.56061 325
4 57 158.043 11.2214 30.4803 0.529043 317
4 58 150.026 6.36343 19.9187 0.600533 301
4 59 156.421 8.92674 26.8154 0.64289 335
4 60 152.602 5.65149 24.9341 0.462275 299
4 61 143.406 11.137 39.9429 0.657944 323
4 62 148.013 7.15197 25.9328 0.580927 316
4 63 154.38 11.4497 31.7494 0.547169 311
5 0 138.979 12.4429 49.8198 0.570288 340
5 1 140.938 5.39536 21.3667 0.779697 363
5 2 149.429 4.79 19.472 0.647027 361
5 3 144.356 3.07221 12.7677 0.594574 347
5 4 154.098 7.4964 24.0133 0.567428 314
5 5 147.819 4.29426 18.1713 0.741811 343
5 6 147.897 8.80536 25.5711 0.490038 305
5 7 140.215 5.61439 23.8387 0.642504 363
5 8 152.612 5.27965 23.7818 0.615539 349
5 9 144.353 4.97518 19.5859 0.610439 326
5 10 136.047 8.69952 28.4459 0.851489 363
5 11 145.689 6.51497 25.5317 0.72859 335
5 12 145.121 5.48202 18.8377 0.632532 306
5 13 139.119 7.56066 27.5668 0.556283 322
5 14 148.082 10.906 37.6539 0.530365 345
5 15 149.152 5.61086 22.6448 0.555592 323
5 16 147.847 5.88789 29.0841 0.643004 394
5 17 149.379 6.79098 28.5187 0.61408 328
5 18 154.32 4.36318 20.1308 0.480582 335
5 19 147.126 8.7037 36.7331 0.801032 397
5 20 145.541 3.54384 16.1354 0.595358 349
5 21 153.697 4.57611 20.2801 0.63387 365
5 22 152.012 3.69227 20.6716 0.599779 381
5 23 148.7 8.50258 26.8887 0.616525 326
5 24 155.724 4.34553 17.9526 0.569784 354
5 25 143.939 6.82777 31.8115 0.653604 387
5 26 137.955 6.61459 26.0003 0.647387 350
5 27 147.475 2.98869 12.3432 0.600247 325
5 28 144.037 3.76168 13.3908 0.637053 358
5 29 148.494 3.76474 15.5328 0.576391 334
5 30 132.206 6.31109 20.8013 0.49752 317
5 31 146.766 3.67476 17.3458 0.622524 382
5 32 142.191 4.61809 15.2592 0.659923 331
5 33 142.431 5.23285 23.5708 0.49778 356
5 34 142.832 4.22579 12.6665 0.721317 319
5 35 136.995 8.17022 36.3742 0.535332 364
5 36 142.496 4.1067 16.4973 0.659492 369
5 37 142.534 7.58112 29.5678 0.718046 2586
5 38 141.622 5.15451 25.3938 0.787748 401
5 39 145.496 9.69559 38.4257 0.807775 367
5 40 139.803 3.97909 17.7634 0.711244 347
5 41 147.777 3.85396 16.4089 0.762124 372
5 42 137.546 9.58204 35.8993 0.418835 286
5 43 137.449 5.59245 19.6914 0.798391 344
5 44 138.117 6.88221 21.3059 0.534537 369
5 45 141.192 3.701 15.7772 0.644338 374
5 46 145.112 2.6524 12.3389 0.764978 332
5 47 143.299 4.03348 19.8899 0.501077 435
5 48 140.638 5.80111 25.8084 0.561636 312
5 49 143.166 3.44329 12.2592 0.796196 330
5 50 141.053 5.87906 20.2154 0.658678 331
5 51 139.41 4.17362 17.1772 0.598383 359
5 52 142.226 6.1024 17.2511 0.602482 326
5 53 138.777 9.24762 41.1761 0.660139 380
5 54 0 0 0 0 0
5 55 0 0 0 0 0
5 56 144.316 3.49023 14.8815 0.58212 348
5 57 143.842 5.21478 21.1458 0.620255 371
5 58 139.838 3.6216 15.172 0.779019 353
5 59 146.145 5.12809 16.6544 0.679968 305
5 60 144.167 13.4206 58.5036 0.637021 392
5 61 145.228 9.60698 43.8992 0.603791 402
5 62 138.626 5.29772 22.7431 0.58991 319
5 63 141.629 4.85757 21.5753 0.660885 373
6 0 144.118 5.17368 22.0504 0.644331 368
6 1 136.373 11.6547 40.344 0.619116 347
6 2 148.196 6.22235 21.0245 0.715141 332
6 3 125.438 10.5775 26.8983 0.54833 267
6 4 146.353 8.29208 23.7882 0.579233 303
6 5 142.619 3.9573 12.0214 0.697704 300
6 6 143.079 3.96725 15.5334 0.664508 333
6 7 150.322 8.41464 34.2235 0.40714 293
6 8 143.285 5.23164 20.9531 0.599224 318
6 9 141.552 6.38767 18.1798 0.552361 284
6 10 137.156 10.3471 25.1531 0.531745 261
6 11 141.532 15.1549 22.5544 0.531346 348
6 12 139.002 5.37582 17.0814 0.513941 289
6 13 131.454 3.98118 10.3964 0.681205 238
6 14 136.946 4.69023 18.0446 0.684406 338
6 15 133.984 5.73868 19.4335 0.52551 262
6 16 143.343 9.57512 33.4857 0.52797 304
6 17 140.26 2.77025 12.5769 0.712119 308
6 18 126.77 10.2813 31.8259 0.572157 263
6 19 146.179 9.40988 24.6309 0.451515 274
6 20 134.711 5.19316 21.4695 0.523423 289
6 21 146.974 2.36276 11.117 0.590251 282
6 22 141.483 5.97538 22.3032 0.562498 271
6 23 137.642 5.80348 20.3277 0.566304 318
6 24 144.811 6.15249 21.745 0.624791 296
6 25 141.527 9.45419 35.7778 0.608782 275
6 26 145.329 4.10622 15.4793 0.635189 306
6 27 131.938 8.19489 26.111 0.560104 259
6 28 132.385 5.10418 17.4401 0.707255 271
6 29 144.195 6.92701 18.0459 0.592137 283
6 30 129.274 11.0381 25.2152 0.483442 240
6 31 132.195 6.45367 23.4813 0.650345 292
6 32 119.819 4.47364 11.1352 0.658966 315
6 33 122.627 3.48724 10.599 0.535371 275
6 34 138.252 4.06074 16.9891 0.601318 336
6 35 157.112 18.4824 57.0605 0.423806 260
6 36 128.351 5.14725 17.9175 0.553308 285
6 37 0 0 0 0 0
6 38 137.348 7.06352 18.136 0.529123 285
6 39 128.898 4.88842 19.7972 0.669621 323
6 40 149.22 10.8139 39.9008 0.503769 262
6 41 131.61 5.83428 17.6339 0.547031 269
6 42 127.251 4.21296 17.9615 0.538938 249
6 43 139.284 4.2232 18.1247 0.649726 330
6 44 123.201 10.0358 30.3283 0.559702 240
6 45 111.57 3.02042 7.37795 0.780052 306
6 46 142.076 6.04922 24.0579 0.684629 308
6 47 124.112 27.3128 88.0807 0.548441 399
6 48 136.869 6.3666 22.9059 0.59223 302
6 49 128.045 7.32327 22.2605 0.65889 283
6 50 127.207 2.4856 8.25661 0.68216 363
6 51 146.407 11.5299 21.8674 0.562862 269
6 52 130.737 2.35792 12.1745 0.662669 285
6 53 126.923 10.7449 40.1055 0.518502 290
6 54 94.8124 1.50954 5.69805 0.999671 353
6 55 131.73 3.28048 16.1476 0.635461 283
6 56 132.5 16.2611 76.2847 0.617897 429
6 57 129.611 3.44893 10.5202 0.670929 306
6 58 116.167 4.478 13.7864 0.639025 283
6 59 131.676 6.20309 19.0268 0.567952 294
6 60 135.239 6.37129 23.0902 0.591169 279
6 61 147.209 28.757 81.4807 0.580275 352
6 62 127.197 2.33014 11.2803 0.798433 328
6 63 124.838 6.86525 23.4863 0.67696 291
7 0 123.337 8.08302 34.2864 0.648756 342
7 1 132.463 7.13969 26.4051 0.583093 281
7 2 134.194 4.45515 15.6212 0.595299 323
7 3 136.723 1.73757 6.82764 0.71481 351
7 4 72.6635 0.9496 3.91508 0.98512 330
7 5 131.478 4.39775 16.0397 0.814254 349
7 6 149.543 5.62111 22.6556 0.556056 329
7 7 140.062 4.01359 16.3086 0.568903 327
7 8 126.438 2.55312 11.9784 0.730155 358
7 9 146.008 10.5134 44.8555 0.710972 334
7 10 124.234 4.22991 14.748 0.743322 300
7 11 127.1 3.89204 13.5615 0.626442 349
7 12 134.045 3.46286 14.9481 0.568474 344
7 13 140.927 3.02601 17.9071 0.844568 378
7 14 126.657 13.1439 29.8216 0.613225 265
7 15 141.374 5.13732 20.4062 0.587842 319
7 16 135.859 4.17972 17.0419 0.691887 355
7 17 119.691 5.62042 16.7637 0.82361 320
7 18 129.232 2.22982 8.82329 0.750042 318
7 19 142.439 2.81254 7.76304 0.67831 412
7 20 111.249 4.2183 19.7509 0.936677 414
7 21 140.916 5.49435 22.1618 0.789985 341
7 22 144.631 5.98878 18.0065 0.820738 359
7 23 108.903 2.40836 6.46289 0.796333 291
7 24 116.762 3.3116 9.38493 0.658105 319
7 25 140.508 4.5436 18.1055 0.62115 319
7 26 129.831 3.26537 11.4713 0.766836 344
7 27 130.305 3.01542 10.878 0.820927 313
7 28 145.371 3.9034 20.2201 0.773209 340
7 29 130.111 11.131 25.8768 0.746946 329
7 30 126.245 3.76296 12.182 0.463183 306
7 31 150.675 7.52429 26.344 0.716622 329
7 32 142.67 4.51037 14.3043 0.662912 341
7 33 136.759 2.62459 9.90677 0.536665 317
7 34 134.221 5.59836 18.3105 0.736126 329
7 35 145.952 6.04289 18.1263 0.705524 317
7 36 129.377 2.84065 10.879 0.545016 320
7 37 138.571 5.0991 18.2389 0.462693 297
7 38 149.217 8.02949 35.8995 0.591528 370
7 39 155.107 7.9428 32.0647 0.558525 303
7 40 128.339 3.00152 11.6131 0.763959 318
7 41 142.7 7.13727 30.6239 0.652509 347
7 42 142.569 2.92643 15.4727 0.478155 313
7 43 128.993 5.40744 19.2748 0.645559 317
7 44 148.165 5.56656 23.0797 0.539633 312
7 45 146.745 5.83339 19.0564 0.660453 321
7 46 0 0 0 0 0
7 47 138.699 10.8425 49.4254 0.575394 395
7 48 137.263 8.8045 26.0944 0.48468 304
7 49 139.294 7.07821 25.4769 0.56124 302
7 50 138.947 7.62512 24.8278 0.585595 312
7 51 149.629 2.75457 13.8995 0.687862 369
7 52 139.659 5.80706 16.1056 0.585798 324
7 53 151.893 4.74029 22.7165 0.562437 375
7 54 144.654 5.85289 16.9584 0.584035 292
7 55 149.674 6.04342 21.9375 0.549563 323
7 56 144.037 5.78943 21.6479 0.464365 330
7 57 150.092 2.90435 13.2471 0.688347 361
7 58 144.87 6.11711 23.229 0.53454 345
7 59 144.082 3.65927 16.7329 0.664305 329
7 60 149.73 5.52134 26.2079 0.603326 359
7 61 135.222 13.549 53.3912 0.522618 304
7 62 155.557 8.16064 25.3693 0.59294 364
7 63 149.569 3.18587 17.2828 0.52315 330
8 0 0 0 0 0 0
8 1 0 0 0 0 0
8 2 0 0 0 0 0
8 3 0 0 0 0 0
8 4 0 0 0 0 0
8 5 0 0 0 0 0
8 6 0 0 0 0 0
8 7 0 0 0 0 0
8 8 0 0 0 0 0
8 9 0 0 0 0 0
8 10 0 0 0 0 0
8 11 0 0 0 0 0
8 12 0 0 0 0 0
8 13 0 0 0 0 0
8 14 0 0 0 0 0
8 15 0 0 0 0 0
8 16 0 0 0 0 0
8 17 0 0 0 0 0
8 18 0 0 0 0 0
8 19 0 0 0 0 0
8 20 0 0 0 0 0
8 21 0 0 0 0 0
8 22 0 0 0 0 0
8 23 0 0 0 0 0
8 24 0 0 0 0 0
8 25 0 0 0 0 0
8 26 0 0 0 0 0
8 27 0 0 0 0 0
8 28 0 0 0 0 0
8 29 0 0 0 0 0
8 30 0 0 0 0 0
8 31 0 0 0 0 0
8 32 0 0 0 0 0
8 33 0 0 0 0 0
8 34 0 0 0 0 0
8 35 0 0 0 0 0
8 36 0 0 0 0 0
8 37 0 0 0 0 0
8 38 0 0 0 0 0
8 39 0 0 0 0 0
8 40 0 0 0 0 0
8 41 0 0 0 0 0
8 42 0 0 0 0 0
8 43 0 0 0 0 0
8 44 0 0 0 0 0
8 45 0 0 0 0 0
8 46 0 0 0 0 0
8 47 0 0 0 0 0
8 48 0 0 0 0 0
8 49 0 0 0 0 0
8 50 0 0 0 0 0
8 51 0 0 0 0 0
8 52 0 0 0 0 0
8 53 0 0 0 0 0
8 54 0 0 0 0 0
8 55 0 0 0 0 0
8 56 0 0 0 0 0
8 57 0 0 0 0 0
8 58 0 0 0 0 0
8 59 0 0 0 0 0
8 60 0 0 0 0 0
8 61 0 0 0 0 0
8 62 0 0 0 0 0
8 63 0 0 0 0 0
9 0 0 0 0 0 0
9 1 0 0 0 0 0
9 2 0 0 0 0 0
9 3 0 0 0 0 0
9 4 0 0 0 0 0
9 5 0 0 0 0 0
9 6 0 0 0 0 0
9 7 0 0 0 0 0
9 8 0 0 0 0 0
9 9 0 0 0 0 0
9 10 0 0 0 0 0
9 11 0 0 0 0 0
9 12 0 0 0 0 0
9 13 0 0 0 0 0
9 14 0 0 0 0 0
9 15 0 0 0 0 0
9 16 0 0 0 0 0
9 17 0 0 0 0 0
9 18 0 0 0 0 0
9 19 0 0 0 0 0
9 20 0 0 0 0 0
9 21 0 0 0 0 0
9 22 0 0 0 0 0
9 23 0 0 0 0 0
9 24 0 0 0 0 0
9 25 0 0 0 0 0
9 26 0 0 0 0 0
9 27 0 0 0 0 0
9 28 0 0 0 0 0
9 29 0 0 0 0 0
9 30 0 0 0 0 0
9 31 0 0 0 0 0
9 32 0 0 0 0 0
9 33 0 0 0 0 0
9 34 0 0 0 0 0
9 35 0 0 0 0 0
9 36 0 0 0 0 0
9 37 0 0 0 0 0
9 38 0 0 0 0 0
9 39 0 0 0 0 0
9 40 0 0 0 0 0
9 41 0 0 0 0 0
9 42 0 0 0 0 0
9 43 0 0 0 0 0
9 44 0 0 0 0 0
9 45 0 0 0 0 0
9 46 0 0 0 0 0
9 47 0 0 0 0 0
9 48 0 0 0 0 0
9 49 0 0 0 0 0
9 50 0 0 0 0 0
9 51 0 0 0 0 0
9 52 0 0 0 0 0
9 53 0 0 0 0 0
9 54 0 0 0 0 0
9 55 0 0 0 0 0
9 56 0 0 0 0 0
9 57 0 0 0 0 0
9 58 0 0 0 0 0
9 59 0 0 0 0 0
9 60 0 0 0 0 0
9 61 0 0 0 0 0
9 62 0 0 0 0 0
9 63 0 0 0 0 0
10 0 0 0 0 0 0
10 1 0 0 0 0 0
10 2 0 0 0 0 0
10 3 0 0 0 0 0
10 4 0 0 0 0 0
10 5 0 0 0 0 0
10 6 0 0 0 0 0
10 7 0 0 0 0 0
10 8 0 0 0 0 0
10 9 0 0 0 0 0
10 10 0 0 0 0 0
10 11 0 0 0 0 0
10 12 0 0 0 0 0
10 13 0 0 0 0 0
10 14 0 0 0 0 0
10 15 0 0 0 0 0
10 16 0 0 0 0 0
10 17 0 0 0 0 0
10 18 0 0 0 0 0
10 19 0 0 0 0 0
10 20 0 0 0 0 0
10 21 0 0 0 0 0
10 22 0 0 0 0 0
10 23 0 0 0 0 0
10 24 0 0 0 0 0
10 25 0 0 0 0 0
10 26 0 0 0 0 0
10 27 0 0 0 0 0
10 28 0 0 0 0 0
10 29 0 0 0 0 0
10 30 0 0 0 0 0
10 31 0 0 0 0 0
10 32 0 0 0 0 0
10 33 0 0 0 0 0
10 34 0 0 0 0 0
10 35 0 0 0 0 0
10 36 0 0 0 0 0
10 37 0 0 0 0 0
10 38 0 0 0 0 0
10 39 0 0 0 0 0
10 40 0 0 0 0 0
10 41 0 0 0 0 0
10 42 0 0 0 0 0
10 43 0 0 0 0 0
10 44 0 0 0 0 0
10 45 0 0 0 0 0
10 46 0 0 0 0 0
10 47 0 0 0 0 0
10 48 0 0 0 0 0
10 49 0 0 0 0 0
10 50 0 0 0 0 0
10 51 0 0 0 0 0
10 52 0 0 0 0 0
10 53 0 0 0 0 0
10 54 0 0 0 0 0
10 55 0 0 0 0 0
10 56 0 0 0 0 0
10 57 0 0 0 0 0
10 58 0 0 0 0 0
10 59 0 0 0 0 0
10 60 0 0 0 0 0
10 61 0 0 0 0 0
10 62 0 0 0 0 0
10 63 0 0 0 0 0
11 0 0 0 0 0 0
11 1 0 0 0 0 0
11 2 0 0 0 0 0
11 3 0 0 0 0 0
11 4 0 0 0 0 0
11 5 0 0 0 0 0
11 6 0 0 0 0 0
11 7 0 0 0 0 0
11 8 0 0 0 0 0
11 9 0 0 0 0 0
11 10 0 0 0 0 0
11 11 0 0 0 0 0
11 12 0 0 0 0 0
11 13 0 0 0 0 0
11 14 0 0 0 0 0
11 15 0 0 0 0 0
11 16 0 0 0 0 0
11 17 0 0 0 0 0
11 18 0 0 0 0 0
11 19 0 0 0 0 0
11 20 0 0 0 0 0
11 21 0 0 0 0 0
11 22 0 0 0 0 0
11 23 0 0 0 0 0
11 24 0 0 0 0 0
11 25 0 0 0 0 0
11 26 0 0 0 0 0
11 27 0 0 0 0 0
11 28 0 0 0 0 0
11 29 0 0 0 0 0
11 30 0 0 0 0 0
11 31 0 0 0 0 0
11 32 0 0 0 0 0
11 33 0 0 0 0 0
11 34 0 0 0 0 0
11 35 0 0 0 0 0
11 36 0 0 0 0 0
11 37 0 0 0 0 0
11 38 0 0 0 0 0
11 39 0 0 0 0 0
11 40 0 0 0 0 0
11 41 0 0 0 0 0
11 42 0 0 0 0 0
11 43 0 0 0 0 0
11 44 0 0 0 0 0
11 45 0 0 0 0 0
11 46 0 0 0 0 0
11 47 0 0 0 0 0
11 48 0 0 0 0 0
11 49 0 0 0 0 0
11 50 0 0 0 0 0
11 51 0 0 0 0 0
11 52 0 0 0 0 0
11 53 0 0 0 0 0
11 54 0 0 0 0 0
11 55 0 0 0 0 0
11 56 0 0 0 0 0
11 57 0 0 0 0 0
11 58 0 0 0 0 0
11 59 0 0 0 0 0
11 60 0 0 0 0 0
11 61 0 0 0 0 0
11 62 0 0 0 0 0
11 63 0 0 0 0 0
12 0 153.965 6.81144 33.5887 0.56246 363
12 1 146.413 2.70285 13.6553 0.619219 386
12 2 147.606 4.91903 18.0492 0.633818 400
12 3 160.312 6.32051 24.0339 0.539343 347
12 4 156.527 6.61643 21.7722 0.670113 324
12 5 156.844 7.37571 23.7137 0.66201 348
12 6 148.32 4.33139 16.57 0.725495 391
12 7 155.283 7.00427 35.905 0.610817 434
12 8 160.357 6.07979 22.8132 0.641234 317
12 9 153.015 5.03489 24.1813 0.650401 384
12 10 158.277 5.93703 24.2404 0.563684 326
12 11 162.736 7.75549 31.759 0.565905 282
12 12 157.504 6.50126 27.8022 0.582647 348
12 13 159.812 4.31903 18.558 0.745067 359
12 14 153.265 6.1267 24.3181 0.494812 336
12 15 152.174 3.70841 15.8739 0.475868 342
12 16 153.743 6.81402 34.7751 0.628475 430
12 17 147.106 4.42064 20.4268 0.560651 293
12 18 146.673 3.18281 12.1226 0.702848 356
12 19 157.636 7.40238 33.0636 0.683665 375
12 20 168.543 6.25482 29.2686 0.556372 335
12 21 143.784 4.14208 17.0712 0.665219 374
12 22 152.124 7.77483 21.7359 0.744623 350
12 23 151.374 13.4335 45.6059 0.713617 334
12 24 146.453 3.56645 15.8015 0.611682 357
12 25 148.619 8.16022 34.836 0.696736 337
12 26 140.958 6.48169 18.498 0.808711 347
12 27 150.964 2.64944 12.0302 0.59489 343
12 28 151.693 5.50615 22.176 0.767328 345
12 29 157.054 3.28253 12.6895 0.601168 335
12 30 142.032 6.0209 24.5825 0.692513 352
12 31 154.606 5.44409 20.8005 0.653165 345
12 32 158.436 4.60269 21.8153 0.622084 360
12 33 135.319 5.41071 18.7868 0.496409 314
12 34 160.846 7.72038 25.5095 0.595202 321
12 35 156.495 5.06102 25.0994 0.578272 378
12 36 153.966 7.41748 28.2219 0.646757 338
12 37 0 0 0 0 0
12 38 149.842 14.9008 66.1444 0.616766 394
12 39 153.182 6.34374 20.4255 0.624073 304
12 40 146.624 5.78779 20.3855 0.585346 315
12 41 146.108 5.49217 22.6087 0.563311 330
12 42 161.733 5.05244 20.5829 0.439475 307
12 43 149.723 3.25696 17.9661 0.721139 331
12 44 162.298 17.863 63.4031 0.423669 312
12 45 158.79 16.6953 35.3426 0.589224 329
12 46 145.967 6.0346 20.9165 0.730123 309
12 47 156.706 13.5156 59.0236 0.703577 410
12 48 146.129 4.02411 15.5569 0.732542 325
12 49 156.845 3.2314 13.079 0.733999 320
12 50 156.536 6.32264 21.734 0.599954 313
12 51 149.441 17.5041 61.2893 0.667649 307
12 52 151.499 5.67125 21.6621 0.668371 329
12 53 151.142 5.39737 16.746 0.559923 359
12 54 139.49 2.98072 10.945 0.723291 312
12 55 160.305 6.22493 25.9085 0.643956 302
12 56 147.375 4.64415 19.0769 0.653368 340
12 57 155.84 7.4432 23.1683 0.645056 333
12 58 144.938 6.10541 25.4817 0.75965 334
12 59 143.774 7.70923 27.1471 0.532046 287
12 60 139.399 4.6174 17.9204 0.640815 317
12 61 150.549 6.3437 17.8774 0.632922 304
12 62 156.982 7.79881 29.8812 0.391142 291
12 63 147.207 8.55636 31.5152 0.540126 321
13 0 123.347 6.18451 19.8176 0.704651 309
13 1 148.768 5.86714 24.8296 0.509935 330
13 2 138.525 10.2405 22.696 0.549225 227
13 3 148.233 8.26741 26.0122 0.393324 226
13 4 128.88 6.96431 19.9169 0.511336 222
13 5 153.981 9.22123 31.4262 0.476759 241
13 6 159.664 18.3185 28.648 0.373421 215
13 7 141.44 27.2554 74.8532 0.494771 247
13 8 154.653 13.0361 37.7242 0.519775 265
13 9 152.863 5.35323 23.1916 0.46268 247
13 10 147.586 13.4442 39.4871 0.445365 214
13 11 135.168 6.92107 15.2602 0.529644 231
13 12 147.376 3.67983 8.6299 0.533532 208
13 13 145.038 19.6355 31.0856 0.560965 247
13 14 140.362 5.30409 21.5949 0.533555 290
13 15 141.478 6.48423 18.1806 0.577426 235
13 16 143.257 17.6415 57.8735 0.325482 249
13 17 149.325 6.18733 19.6072 0.51193 248
13 18 151.446 6.14563 19.8494 0.429397 218
13 19 131.726 7.1306 22.3111 0.518583 267
13 20 127.259 6.93023 17.7361 0.510748 235
13 21 131.483 23.5306 64.8433 0.307293 206
13 22 144.673 5.56624 22.5472 0.603914 254
13 23 141.813 7.75767 26.8629 0.689347 263
13 24 138.397 3.13525 16.5755 0.462921 295
13 25 148.053 17.6978 34.908 0.426832 252
13 26 152.236 3.32314 12.6505 0.615949 285
13 27 139.835 16.4551 43.6396 0.383687 204
13 28 160.215 5.61075 18.2641 0.472332 254
13 29 140.914 6.84305 26.937 0.536701 271
13 30 148.424 20.2195 50.5661 0.35299 196
13 31 140.149 9.75577 37.2448 0.474873 294
13 32 151.09 9.08518 33.5432 0.454233 232
13 33 134.601 12.5726 32.9414 0.473173 197
13 34 126.25 12.6519 47.9482 0.494324 288
13 35 141.16 8.8427 30.3533 0.581887 284
13 36 148.618 11.538 34.2957 0.442818 217
13 37 135.116 4.60658 13.0519 0.622706 2579
13 38 135.714 13.6916 47.9223 0.417976 277
13 39 140.181 8.90782 31.2595 0.439623 255
13 40 137.87 9.80889 22.0545 0.523671 231
13 41 131.069 19.8282 54.1519 0.544953 211
13 42 150.831 14.8269 31.6179 0.602874 257
13 43 139.426 6.41204 23.4047 0.541579 252
13 44 140.837 17.9261 47.4182 0.416006 231
13 45 144.681 10.6201 30.0366 0.346554 184
13 46 130.665 3.42254 14.5044 0.483158 315
13 47 136.41 7.27659 29.6484 0.458637 296
13 48 149.358 24.6225 51.9936 0.349712 170
13 49 149.054 7.06036 20.785 0.529611 263
13 50 137.519 13.2414 40.2388 0.398735 220
13 51 147.999 7.45457 30.0234 0.64473 336
13 52 132.018 4.79088 18.2015 0.480163 277
13 53 145.138 8.04483 28.4015 0.499021 241
13 54 0 0 0 0 0
13 55 152.197 5.57798 23.2612 0.563771 293
13 56 141.961 10.2862 25.7241 0.526345 257
13 57 141.74 4.93865 17.1134 0.475704 288
13 58 0 0 0 0 0
13 59 144.403 7.38854 24.0482 0.720889 330
13 60 146.029 22.926 63.9067 0.416727 240
13 61 126.053 9.35195 44.0969 0.639922 367
13 62 0 0 0 0 0
13 63 137.435 5.0717 20.4868 0.422392 280
14 0 150.446 5.75742 24.6781 0.566045 326
14 1 151.235 8.57096 32.7337 0.579027 303
14 2 0 0 0 0 0
14 3 155.031 7.79555 24.9374 0.54844 290
14 4 148.829 5.12077 16.0869 0.614232 284
14 5 150.285 2.54677 12.3762 0.735878 337
14 6 134.329 4.93425 14.8947 0.802214 345
14 7 147.397 6.13229 20.0085 0.789561 357
14 8 130.077 8.18356 27.9237 0.650237 315
14 9 143.182 9.16731 22.1734 0.732298 315
14 10 148.352 6.49816 22.336 0.591751 328
14 11 0 0 0 0 0
14 12 141.93 4.01396 14.044 0.685626 288
14 13 136.68 4.86098 17.2331 0.84044 337
14 14 146.717 8.61582 34.0467 0.483118 297
14 15 141.365 4.62126 14.9875 0.523453 316
14 16 138.616 11.4759 50.0943 0.799684 374
14 17 133.812 3.48974 13.9646 0.605879 292
14 18 130.397 3.58976 17.3735 0.875886 331
14 19 146.3 5.98627 25.5256 0.628141 346
14 20 155.132 4.50115 20.3294 0.488296 242
14 21 135.763 14.6941 54.2473 0.525044 307
14 22 161.519 9.57677 27.4736 0.577486 330
14 23 147.761 11.4827 24.3087 0.511894 253
14 24 146.776 11.5344 22.4987 0.544139 259
14 25 141.413 6.48948 29.3607 0.588242 349
14 26 119.334 2.73555 11.8271 0.547429 309
14 27 154.664 6.88753 25.9797 0.508636 289
14 28 150.014 4.64463 18.1945 0.654445 333
14 29 153.757 8.31867 32.9316 0.531207 305
14 30 146.336 12.5409 29.9251 0.567961 292
14 31 150.049 4.53784 21.6659 0.527942 349
14 32 144.059 5.65722 23.3661 0.633634 317
14 33 145.104 6.11332 23.2178 0.607459 305
14 34 153.884 5.4379 18.543 0.525371 307
14 35 139.092 3.44862 13.0038 0.55536 348
14 36 119.869 4.27632 19.0084 0.551709 253
14 37 159.434 7.28898 28.3941 0.485309 2556
14 38 147.814 5.71017 24.1677 0.519981 324
14 39 145.96 6.80639 24.6631 0.632061 305
14 40 0 0 0 0 0
14 41 142.301 3.80131 14.7746 0.643719 328
14 42 134.842 3.68945 11.0027 0.693805 259
14 43 147.493 7.83071 25.0106 0.508896 319
14 44 146.746 7.33804 21.9995 0.62837 287
14 45 146.685 6.02352 21.8565 0.594179 281
14 46 132.345 8.3064 28.0027 0.548584 297
14 47 143.222 4.27505 17.7199 0.524605 321
14 48 145.951 4.64711 14.5136 0.601284 286
14 49 157.01 5.78497 19.664 0.543318 300
14 50 137.323 7.48839 20.0238 0.60215 302
14 51 125.372 2.91275 10.2436 0.788909 411
14 52 155.26 4.75316 21.1953 0.644095 272
14 53 136.582 5.77844 22.5606 0.517599 282
14 54 144.725 5.01973 18.2504 0.636948 302
14 55 152.606 5.47376 15.3429 0.622463 293
14 56 147.025 4.34594 17.9688 0.799724 362
14 57 140.77 4.58604 20.7637 0.706214 390
14 58 146.079 6.10949 18.6341 0.505589 315
14 59 150.801 3.96823 13.5667 0.5134 261
14 60 143.665 4.37146 12.737 0.573811 304
14 61 150.514 6.93054 21.4026 0.714956 339
14 62 0 0 0 0 0
14 63 148.149 4.26874 13.7677 0.696634 317
15 0 144.246 12.0204 43.0453 0.508009 270
15 1 144.653 13.8744 46.8463 0.439262 256
15 2 144.802 5.6831 18.9713 0.495674 271
15 3 151.222 17.5968 44.804 0.559918 254
15 4 151.235 6.18251 19.8562 0.555712 244
15 5 0 0 0 0 0
15 6 147.589 6.54086 18.7708 0.552729 261
15 7 157.52 13.658 42.0717 0.57656 262
15 8 147.346 10.5944 40.0391 0.549091 290
15 9 0 0 0 0 0
15 10 127.842 17.5609 47.3272 0.565134 302
15 11 131.671 17.891 53.745 0.396696 214
15 12 136.162 5.54031 14.3431 0.605786 241
15 13 141.017 7.94961 25.9999 0.530191 228
15 14 158.506 8.74469 25.7592 0.408917 285
15 15 137.001 2.98021 14.9936 0.522873 249
15 16 150.088 10.5648 26.7955 0.459758 243
15 17 151.618 7.80129 20.0548 0.562605 251
15 18 164.286 19.6811 28.6982 0.496431 225
15 19 153.09 9.9892 34.1838 0.485592 255
15 20 155.255 14.1689 41.1978 0.475157 217
15 21 148.204 4.55377 15.8801 0.581563 287
15 22 164.692 10.1479 34.4058 0.536304 251
15 23 149.774 6.93395 23.7092 0.470015 238
15 24 139.404 7.24778 22.9157 0.59557 266
15 25 106.817 8.10867 17.6137 0.548019 220
15 26 148.291 5.9409 22.6011 0.450942 275
15 27 152.688 4.91001 16.5123 0.568961 250
15 28 134.219 13.94 39.5102 0.564919 217
15 29 146.671 7.47443 16.204 0.525493 240
15 30 154.604 5.75003 21.1001 0.528306 242
15 31 155.938 18.8282 38.1822 0.480135 259
15 32 129.987 6.78689 20.4561 0.616285 236
15 33 144.449 10.9222 23.9218 0.493687 209
15 34 144.367 16.4809 31.3494 0.425255 245
15 35 152.378 8.42918 21.6069 0.466325 237
15 36 149.21 19.3888 50.5082 0.462877 240
15 37 143.143 8.92637 29.4535 0.391092 250
15 38 136.767 19.4919 34.8194 0.513069 199
15 39 163.822 10.0794 36.833 0.444111 245
15 40 151.287 6.81223 26.1122 0.467467 232
15 41 150.692 7.03201 21.2249 0.449632 209
15 42 164.576 10.257 34.1684 0.553906 219
15 43 154.754 11.9513 36.6051 0.46684 217
15 44 155.466 9.72739 33.3903 0.432551 218
15 45 133.743 6.38471 22.9165 0.476088 230
15 46 149.947 12.3914 31.0842 0.504632 295
15 47 152.62 13.4926 43.5576 0.420936 239
15 48 155.111 11.1981 31.0581 0.576322 215
15 49 140.965 15.8822 30.0616 0.648284 228
15 50 152.503 10.3118 31.569 0.433229 215
15 51 150.714 8.59565 22.1568 0.380229 254
15 52 142.818 9.51435 34.8639 0.405888 245
15 53 129.374 9.28298 26.1082 0.491672 230
15 54 145.52 7.44219 27.9006 0.628857 227
15 55 142.335 4.89353 16.7983 0.669271 261
15 56 144.107 20.7239 49.9713 0.483046 218
15 57 140.117 10.3432 23.1 0.586174 264
15 58 146.835 9.78694 19.6584 0.476808 217
15 59 131.663 9.63758 37.5516 0.584229 312
15 60 139.761 24.1414 36.1248 0.368384 255
15 61 136.233 12.0865 40.4561 0.732828 269
15 62 150.906 8.98705 25.6495 0.579825 311
15 63 150.344 7.12259 21.7581 0.53606 235
