#mip results dif_1_2_1
#chip channel mpv empv widthmpv chi2ndf nentries
0 0 65.5136 0.167054 5.92482 1.13908 10248
0 1 64.8681 0.215101 5.60299 1.01457 6296
0 2 65.9057 0.243436 6.01656 0.991488 5201
0 3 61.0331 0.205122 5.45088 1.59624 5700
0 4 60.632 0.243044 7.13905 1.26297 5022
0 5 0 0 0 0 0
0 6 65.128 0.253293 6.05651 0.890129 4754
0 7 58.7635 0.296126 4.96116 1.02764 2950
0 8 65.7529 0.209472 5.32077 1.24869 6556
0 9 65.2314 0.252584 4.91977 1.28943 4771
0 10 65.2609 0.26504 5.1754 1.22966 4428
0 11 60.6232 0.222066 5.27954 1.15087 5634
0 12 61.8627 0.198877 5.38076 1.03781 6291
0 13 61.5805 0.242981 5.6958 1.1941 4566
0 14 62.8218 0.148483 5.23068 1.33865 11847
0 15 61.2517 0.22162 5.49841 0.951382 4958
0 16 65.1981 0.327217 5.39777 0.747676 2775
0 17 61.7989 0.203499 5.44584 0.869845 6468
0 18 60.1168 0.206711 6.3312 1.82493 5416
0 19 64.0712 0.331741 5.65093 1.01715 2730
0 20 62.3853 0.244243 6.17026 0.975975 4856
0 21 60.4838 0.221301 5.57908 0.977289 5118
0 22 66.329 0.238198 4.99239 0.905325 5568
0 23 62.6246 0.231062 5.43841 1.21293 5297
0 24 66.6132 0.200413 5.95855 0.790061 7338
0 25 60.6151 0.320755 5.24421 1.23485 2538
0 26 62.093 0.157153 5.48752 1.51749 10622
0 27 62.4053 0.252297 5.50321 0.854992 4147
0 28 62.0432 0.250261 5.25452 1.32357 3914
0 29 62.0854 0.222193 5.93045 1.29531 5995
0 30 62.6146 0.243729 5.92886 1.1939 4748
0 31 65.8264 0.32989 6.2273 0.980035 2816
0 32 61.4892 0.232082 5.18705 1.33652 4626
0 33 62.102 0.22875 5.3283 1.12499 5165
0 34 62.5326 0.163425 5.73323 1.12996 10460
0 35 60.2171 0.304344 5.40569 1.41027 2711
0 36 62.2257 0.224058 6.928 1.36127 5587
0 37 0 0 0 0 0
0 38 59.0327 0.283486 5.07095 0.84448 3353
0 39 59.5227 0.153125 5.22453 1.09858 10112
0 40 61.3171 0.233669 6.66531 1.09052 5677
0 41 61.8249 0.236728 5.24463 1.18371 4593
0 42 62.3446 0.224782 5.73735 1.33577 5576
0 43 61.6953 0.178572 5.57131 1.22625 7962
0 44 60.8506 0.225607 5.6259 1.23992 5123
0 45 59.9737 0.226602 5.48446 0.971955 4865
0 46 61.7906 0.148788 5.69746 1.06186 12491
0 47 65.4566 0.235789 5.44486 1.10812 5460
0 48 62.2558 0.227094 5.58502 1.05268 5590
0 49 61.5213 0.206487 5.83553 1.25176 6729
0 50 65.6024 0.228394 6.51578 1.12636 5604
0 51 61.6295 0.148784 5.54915 1.27194 11776
0 52 62.8375 0.198337 5.68568 1.09055 7665
0 53 65.2079 0.190012 5.8183 1.38676 8484
0 54 65.5765 0.215984 6.09211 1.44616 6234
0 55 61.6421 0.181984 5.90826 1.35764 7969
0 56 59.0966 0.154368 5.49642 1.31138 10536
0 57 59.8368 0.150477 5.28337 1.15777 10866
0 58 62.3003 0.205904 5.28736 1.11095 6680
0 59 61.8994 0.150821 5.74798 1.60083 12009
0 60 60.8346 0.176315 5.68209 1.26808 8987
0 61 60.9604 0.132749 5.62192 0.995583 15427
0 62 61.327 0.151981 5.65132 1.36658 11912
0 63 62.2225 0.200826 5.99058 0.749159 7222
1 0 62.5717 0.14218 5.8609 1.49868 12907
1 1 62.6541 0.143666 5.67872 1.46503 12525
1 2 62.6631 0.14845 5.56208 1.53243 13017
1 3 66.1277 0.197671 6.1637 1.01253 7566
1 4 63.5212 0.214917 6.26013 1.20885 6696
1 5 63.2259 0.191037 5.20364 1.57972 7927
1 6 63.4049 0.154943 5.67888 1.29938 12013
1 7 65.6043 0.157618 5.87377 1.22557 12400
1 8 62.9612 0.195672 5.87798 1.36219 7887
1 9 63.3949 0.154364 5.69577 1.45558 12242
1 10 65.1873 0.149491 5.9894 1.14847 14282
1 11 61.6267 0.203679 5.4977 1.3131 7425
1 12 66.0102 0.21208 5.98604 1.14949 7448
1 13 66.0454 0.191093 6.19093 1.17484 8883
1 14 62.3317 0.185857 5.71486 0.93558 9062
1 15 65.7673 0.218138 5.73309 1.11113 6760
1 16 65.1856 0.136607 5.84149 1.20374 16488
1 17 62.1895 0.202168 7.32066 1.92627 7476
1 18 61.6983 0.217983 5.86436 1.58289 6599
1 19 64.603 0.160488 5.6913 1.37069 11722
1 20 64.9167 0.221185 6.54278 1.5752 6694
1 21 65.1331 0.162085 6.08673 0.762548 12087
1 22 65.8655 0.174904 5.94947 1.21283 9759
1 23 65.4712 0.212042 6.12443 1.44125 7526
1 24 64.7415 0.185101 5.82098 1.29773 8186
1 25 65.1864 0.15254 6.15201 1.29784 13159
1 26 61.6714 0.187057 7.20217 2.17677 8436
1 27 61.4018 0.206399 5.91804 1.46719 6876
1 28 65.3592 0.192282 5.73378 1.43283 9195
1 29 62.1739 0.19912 6.03731 1.24064 7613
1 30 64.5026 0.221402 6.25136 1.46577 6881
1 31 65.2351 0.162166 5.25178 1.02644 11959
1 32 64.6809 0.185664 5.92785 1.09423 8839
1 33 63.171 0.21425 5.42664 1.05064 6841
1 34 61.5475 0.182613 5.33025 1.16967 8656
1 35 63.7821 0.14718 5.46176 1.30382 14040
1 36 65.0842 0.233413 5.81407 1.30187 6430
1 37 0 0 0 0 0
1 38 64.0932 0.133313 5.62913 1.42116 16749
1 39 64.8535 0.191969 5.5504 1.09647 8136
1 40 62.4097 0.212807 6.00436 1.33631 6373
1 41 0 0 0 0 0
1 42 0 0 0 0 0
1 43 0 0 0 0 0
1 44 0 0 0 0 0
1 45 0 0 0 0 0
1 46 0 0 0 0 0
1 47 0 0 0 0 0
1 48 0 0 0 0 0
1 49 0 0 0 0 0
1 50 0 0 0 0 0
1 51 0 0 0 0 0
1 52 0 0 0 0 0
1 53 0 0 0 0 0
1 54 62.9737 0.162444 5.78869 1.42656 10034
1 55 62.6951 0.174577 5.63066 1.13209 9328
1 56 66.1153 0.202869 5.66553 1.24369 7351
1 57 66.6671 0.192627 5.6179 1.34352 7823
1 58 63.265 0.16914 5.44227 1.18976 8941
1 59 62.0805 0.183607 5.64821 1.01074 8117
1 60 66.2486 0.188576 6.01267 1.08426 8473
1 61 61.8121 0.177452 5.21948 1.14155 8292
1 62 65.5723 0.172031 5.23788 0.991333 9941
1 63 66.1747 0.177945 5.85106 1.08065 9684
2 0 59.54 0.135313 6.86064 3.13114 14526
2 1 59.7643 0.162074 5.36083 1.07359 9458
2 2 58.8493 0.173276 5.25505 0.78789 8515
2 3 57.6258 0.21913 4.97072 1.05319 5719
2 4 59.2787 0.219215 5.75802 1.26222 5501
2 5 0 0 0 0 0
2 6 57.1783 0.182557 5.14112 0.917371 7280
2 7 57.9084 0.309743 4.92971 1.1589 3258
2 8 58.8241 0.192323 5.34264 1.38929 6969
2 9 58.9603 0.190452 5.71167 1.25134 6940
2 10 58.2506 0.199162 5.41727 1.03165 6285
2 11 58.7699 0.213011 5.81583 0.990451 6024
2 12 57.937 0.191916 4.97806 1.3626 6431
2 13 62.5147 0.252282 5.47208 1.37536 4502
2 14 58.3438 0.136328 5.48747 1.25131 12850
2 15 0 0 0 0 0
2 16 62.2916 0.261627 5.63972 1.28281 3805
2 17 58.9454 0.200042 5.18571 1.16292 7176
2 18 59.1021 0.225722 6.86473 1.79132 5324
2 19 58.3829 0.310626 4.81533 1.04236 2932
2 20 59.0784 0.206753 5.26419 1.20598 6055
2 21 58.4143 0.182169 5.52266 0.998806 7342
2 22 58.6297 0.218488 5.30038 0.98749 5412
2 23 59.2486 0.193808 5.68569 1.03147 6999
2 24 59.9158 0.177548 5.44437 1.06501 8335
2 25 57.2013 0.281382 5.28263 0.986795 3037
2 26 63.0446 0.152952 5.76612 1.18699 12021
2 27 59.3753 0.236278 6.95017 1.55199 4954
2 28 58.3153 0.22598 5.30666 1.3072 4684
2 29 59.0447 0.182865 5.59761 0.84515 8058
2 30 59.4718 0.208885 5.35062 0.989269 5781
2 31 62.819 0.335619 6.57242 0.735671 3105
2 32 57.6122 0.233012 5.10648 1.13597 4796
2 33 60.1421 0.216238 5.43364 1.05661 5416
2 34 63.0042 0.14285 5.91171 1.32543 13850
2 35 57.8675 0.284923 5.48569 0.973982 2980
2 36 59.3964 0.226126 6.29868 1.39705 5852
2 37 0 0 0 0 0
2 38 58.1936 0.280323 5.33025 1.28464 3839
2 39 62.5943 0.164794 5.5602 0.879762 9817
2 40 58.9161 0.210872 5.94521 1.22382 6080
2 41 58.3134 0.236139 5.58986 0.935828 4384
2 42 59.065 0.212059 5.6728 1.03154 5827
2 43 59.2487 0.17547 5.83902 1.28221 8349
2 44 62.3892 0.221587 5.83915 1.04606 5800
2 45 58.7807 0.228413 5.65674 1.06545 5037
2 46 62.7973 0.141966 5.15404 1.54248 14180
2 47 0 0 0 0 0
2 48 59.8887 0.207368 5.28081 1.56983 5634
2 49 60.0932 0.189668 5.25139 1.31566 6762
2 50 59.7629 0.205854 5.64783 1.14653 6043
2 51 62.8204 0.151415 5.54093 1.05227 11803
2 52 59.9514 0.185631 5.29587 1.03379 7554
2 53 58.7101 0.169284 5.02523 1.19765 8380
2 54 59.9196 0.196936 5.7833 1.20951 6657
2 55 60.3008 0.173113 5.2983 1.0421 8897
2 56 58.4959 0.15932 4.90382 1.1691 9248
2 57 58.6367 0.144184 5.04262 0.963684 11232
2 58 62.6103 0.201828 5.29691 1.13999 7173
2 59 59.7936 0.140795 5.38578 1.19525 12589
2 60 62.6439 0.166919 5.09823 0.940441 9211
2 61 57.8636 0.116122 5.04892 1.28962 17209
2 62 0 0 0 0 0
2 63 59.4241 0.18802 5.40181 0.910612 7406
3 0 65.2256 0.144361 5.56063 1.22429 12810
3 1 65.7665 0.15248 6.01105 1.75326 12456
3 2 64.3171 0.155715 5.56705 1.12203 12028
3 3 66.9165 0.199756 6.21985 0.897985 8120
3 4 66.27 0.212321 6.33902 1.44657 6744
3 5 66.5304 0.196222 5.98387 1.30422 7875
3 6 69.1867 0.1729 5.88381 1.01772 10825
3 7 63.9231 0.150007 7.40575 2.39831 13947
3 8 65.5467 0.191689 6.06287 1.04006 8304
3 9 64.9622 0.160705 5.26141 1.911 11336
3 10 68.4169 0.154286 6.14271 1.15499 14162
3 11 65.951 0.202193 5.93236 0.957572 7235
3 12 65.7376 0.190233 5.80895 1.2268 7642
3 13 65.9517 0.18517 6.39188 1.48993 8891
3 14 64.5224 0.172608 5.77965 1.24275 10025
3 15 66.654 0.214791 6.08768 1.11338 6871
3 16 66.1802 0.12447 5.52549 1.38547 19021
3 17 66.1855 0.209673 6.65193 1.26233 7432
3 18 66.6385 0.21909 6.01361 1.26483 6637
3 19 67.7933 0.165241 6.34709 1.14632 12168
3 20 63.8133 0.215611 6.27914 1.47531 6717
3 21 65.5041 0.164077 6.10448 1.28209 10767
3 22 66.2246 0.166438 6.13925 1.10485 10391
3 23 65.2555 0.193428 5.36566 1.02961 7737
3 24 0 0 0 0 0
3 25 65.5181 0.148994 7.12683 2.11034 12904
3 26 66.0798 0.187757 6.12043 0.847033 8815
3 27 65.6694 0.206467 6.22232 1.15337 7370
3 28 66.2235 0.173403 6.09251 1.45797 9700
3 29 65.5942 0.192874 5.96214 1.19304 7788
3 30 70.5506 0.234035 7.39343 1.0357 7152
3 31 66.2881 0.152513 5.4944 1.30492 13199
3 32 65.5281 0.181348 5.93072 1.23798 9155
3 33 65.4918 0.203706 6.2994 1.77624 6956
3 34 64.8411 0.178397 5.86621 1.1685 9307
3 35 66.5848 0.162181 5.82973 1.37092 11751
3 36 66.0774 0.21776 6.51884 1.32603 6627
3 37 0 0 0 0 0
3 38 65.5847 0.150502 5.73027 1.28015 13084
3 39 67.7235 0.190822 5.77396 1.30125 8858
3 40 0 0 0 0 0
3 41 66.3659 0.184302 5.93964 1.46109 8610
3 42 66.3447 0.210017 5.56552 1.25901 6549
3 43 65.5827 0.190651 5.67713 1.34233 7793
3 44 68.6516 0.17779 6.05428 1.38206 9835
3 45 66.6608 0.214227 6.01735 1.29973 6598
3 46 64.4237 0.172545 5.21453 1.35933 9429
3 47 68.5109 0.142377 5.9443 1.1131 15841
3 48 66.6372 0.221889 5.98301 1.21986 6416
3 49 65.533 0.205359 5.93883 1.34989 6786
3 50 66.5253 0.19729 5.73692 0.935262 7602
3 51 65.5111 0.179079 5.68885 1.04088 9400
3 52 64.6003 0.199444 5.37897 1.31087 6941
3 53 66.4839 0.162367 6.06132 0.95382 11438
3 54 66.3477 0.204869 6.03393 1.20269 7371
3 55 64.7311 0.194042 5.76629 1.23063 7831
3 56 65.687 0.185179 6.0957 1.32895 8377
3 57 64.6074 0.179435 5.88796 0.92321 9271
3 58 64.9113 0.212705 5.80949 1.29188 7251
3 59 63.8976 0.18098 5.60103 1.55907 8534
3 60 63.3119 0.184371 5.55133 1.16138 8674
3 61 64.8733 0.164094 5.64026 1.2232 10764
3 62 63.4712 0.183234 5.88598 1.40424 8974
3 63 64.9922 0.187365 5.76094 1.41311 8069
4 0 62.3942 0.129774 5.51241 1.56899 15637
4 1 63.2585 0.159537 5.30613 1.33552 11474
4 2 62.9138 0.160862 5.51739 1.52709 10366
4 3 64.4498 0.20872 5.77098 1.1604 6453
4 4 63.3618 0.21656 5.45615 1.14849 6242
4 5 63.4958 0.202419 5.91379 1.02237 7391
4 6 62.3402 0.181586 6.0689 1.37235 8831
4 7 61.421 0.267459 5.63191 1.10607 3793
4 8 59.5163 0.182659 5.31268 1.19441 7588
4 9 62.4585 0.173233 5.43627 1.15333 8972
4 10 61.1981 0.181006 5.2263 1.17647 8108
4 11 62.2308 0.197664 5.49281 1.41478 7384
4 12 0 0 0 0 0
4 13 63.2106 0.229342 5.84966 1.06294 5119
4 14 63.8294 0.152823 5.84742 0.845432 12744
4 15 63.4217 0.220924 5.20272 1.34141 5611
4 16 65.3874 0.264531 5.94357 1.387 4819
4 17 63.2077 0.180894 5.36296 1.12541 8500
4 18 67.5775 0.235092 6.50449 1.16995 6718
4 19 62.4111 0.29218 5.07999 1.24546 3421
4 20 63.8874 0.225782 5.57185 1.47122 6148
4 21 62.5439 0.168598 5.42013 0.885694 9906
4 22 63.7751 0.2207 5.7936 1.00245 5927
4 23 63.1553 0.202255 5.51512 1.13898 6924
4 24 63.8313 0.179745 5.32146 1.33441 8951
4 25 67.2785 0.334406 5.66923 0.889331 3325
4 26 63.4503 0.143168 5.34222 1.26362 12957
4 27 64.0125 0.226407 5.47333 1.26772 5403
4 28 64.4033 0.240093 5.83728 1.32858 4898
4 29 64.1421 0.191269 5.89725 1.45116 8264
4 30 63.607 0.21663 5.365 1.46691 6035
4 31 62.3564 0.311413 5.4314 1.04992 2813
4 32 63.2664 0.246562 5.72462 1.31108 4329
4 33 63.7556 0.251186 5.64657 1.22096 4818
4 34 62.779 0.151523 5.9585 1.49426 12453
4 35 67.0518 0.350612 5.28361 1.25648 3408
4 36 63.5055 0.235472 5.65332 0.980933 5556
4 37 0 0 0 0 0
4 38 62.3313 0.300117 4.63317 0.915337 3560
4 39 63.2758 0.210968 6.0198 1.15935 7065
4 40 63.3091 0.25344 6.8856 1.19069 5430
4 41 62.8718 0.249692 6.83285 2.02439 4463
4 42 63.5974 0.227869 5.59246 1.04092 5845
4 43 64.7542 0.200907 5.77933 1.36195 7451
4 44 63.4562 0.213523 5.28327 0.95776 6021
4 45 63.9246 0.246861 6.0642 1.50099 4730
4 46 64.1867 0.153975 5.47347 1.30875 11559
4 47 61.9201 0.299368 5.14639 1.4241 3556
4 48 63.9027 0.233774 5.96738 1.06657 5470
4 49 64.1311 0.217525 6.10268 1.23646 6397
4 50 63.0099 0.216482 5.96609 1.05688 6347
4 51 62.5894 0.175869 5.63124 1.13157 9108
4 52 63.2211 0.204088 5.76687 1.44018 7551
4 53 62.1505 0.220673 5.33283 1.34497 5572
4 54 63.3759 0.202867 5.30656 1.45782 7162
4 55 63.2463 0.179416 5.88604 1.09102 9335
4 56 63.1433 0.207346 5.81126 1.47376 6906
4 57 62.6603 0.185568 5.62738 1.40968 8063
4 58 64.0778 0.206884 5.99313 1.11643 7233
4 59 63.1834 0.155557 6.14586 1.06105 12284
4 60 63.2432 0.218584 5.98868 0.951994 6627
4 61 62.3571 0.139263 5.70466 1.19746 14121
4 62 63.3567 0.143281 5.74662 1.3837 14578
4 63 63.7949 0.183987 5.64947 0.73529 8436
5 0 62.1905 0.164986 5.5478 1.21596 10331
5 1 62.3496 0.17414 5.76489 0.740094 9108
5 2 62.8514 0.173968 5.6907 1.45276 8936
5 3 62.6318 0.182942 5.42335 1.60785 8682
5 4 62.9806 0.213474 5.66316 1.03085 6633
5 5 61.9283 0.190784 5.76763 1.52266 7922
5 6 61.7284 0.183825 5.45294 1.26414 8638
5 7 61.8221 0.132946 5.5393 1.25084 15107
5 8 61.0727 0.173826 5.42692 1.18546 8638
5 9 63.0369 0.174699 5.57897 1.44538 8634
5 10 65.3622 0.16644 5.46603 1.24497 10855
5 11 62.7054 0.19999 5.54499 0.936858 6984
5 12 65.9655 0.191597 5.88521 1.32293 9001
5 13 65.7343 0.182127 5.95867 0.885146 9037
5 14 61.3866 0.156948 5.76516 1.18429 10412
5 15 65.7848 0.213448 5.72887 1.48002 7254
5 16 63.258 0.141114 5.72754 1.23046 13830
5 17 61.5747 0.208679 5.89475 1.05658 6857
5 18 62.3847 0.215963 6.06031 1.33015 6485
5 19 65.6126 0.14912 5.31177 1.7215 12761
5 20 65.9225 0.235635 6.76701 1.1424 6591
5 21 62.5321 0.181606 5.59271 1.19191 8447
5 22 63.0789 0.155281 5.5903 0.967488 11332
5 23 62.2957 0.20551 5.64052 1.13462 6643
5 24 61.9036 0.168687 5.32418 1.01984 9066
5 25 65.0905 0.16482 6.0645 1.81474 11327
5 26 63.1686 0.179906 5.96892 1.40741 8814
5 27 62.6162 0.220721 5.87699 1.11819 6420
5 28 65.142 0.195602 5.01859 1.68477 9230
5 29 62.1685 0.211779 5.99831 1.31581 6541
5 30 62.2749 0.210737 5.42637 1.48291 6467
5 31 65.4155 0.159243 5.63236 1.23089 12495
5 32 63.294 0.173972 5.62191 1.18382 9032
5 33 63.2111 0.203591 5.17423 1.86949 7608
5 34 61.5891 0.184371 5.59788 1.19588 8471
5 35 62.1 0.144011 5.6044 1.1007 12948
5 36 62.0946 0.205061 6.00016 1.34221 6746
5 37 0 0 0 0 0
5 38 64.6939 0.144623 5.89079 1.98973 14232
5 39 64.9435 0.162361 5.6566 1.44207 11652
5 40 63.0231 0.216975 6.37059 1.15456 7158
5 41 63.283 0.17035 5.11192 1.46304 10134
5 42 61.1754 0.202905 5.67783 1.24661 6753
5 43 61.7877 0.187903 5.45392 1.34295 7798
5 44 65.1961 0.16676 5.85773 1.23819 10792
5 45 63.341 0.199732 5.15055 1.30013 7428
5 46 61.483 0.16498 5.39652 1.16169 9144
5 47 64.5989 0.127995 5.51722 1.04127 18024
5 48 62.0061 0.191856 5.41271 1.27645 7260
5 49 60.7374 0.195193 5.35101 1.00859 7317
5 50 62.5195 0.18566 5.33667 1.10045 8209
5 51 61.1375 0.147556 5.40867 1.06124 11717
5 52 59.7375 0.183804 5.64526 1.04924 7557
5 53 64.6307 0.14505 5.82614 1.61079 14312
5 54 62.2807 0.18202 5.4237 1.04764 8336
5 55 62.786 0.181098 5.58498 0.893926 8527
5 56 60.6141 0.156537 5.2508 1.15487 10927
5 57 61.2057 0.147903 5.24661 1.05162 12204
5 58 62.2773 0.184614 5.72025 1.23824 8557
5 59 61.2556 0.164878 5.36095 1.40075 9761
5 60 61.4477 0.151626 5.40995 1.50742 11573
5 61 60.3039 0.148057 5.11133 1.68474 11979
5 62 61.5501 0.157814 5.25848 1.1472 10035
5 63 61.7164 0.179662 5.33013 1.1326 8719
6 0 65.5817 0.138456 5.90714 1.11247 15102
6 1 64.8489 0.155064 5.70244 1.34032 11889
6 2 64.7974 0.158078 5.68275 1.34834 11241
6 3 65.6863 0.212823 5.59848 1.29536 6045
6 4 65.9734 0.230249 6.22446 1.48221 6100
6 5 64.9758 0.207735 6.20629 1.19753 6897
6 6 68.8897 0.17999 6.18863 1.65599 10322
6 7 64.0781 0.299652 6.26976 1.03863 3519
6 8 65.8941 0.203576 5.6602 0.828761 7686
6 9 64.5872 0.177426 5.66111 0.802908 9246
6 10 65.3208 0.183787 5.79986 1.22761 8512
6 11 64.9616 0.209523 5.94996 1.0983 6879
6 12 64.2927 0.206007 5.95146 1.21712 6569
6 13 64.5807 0.235116 5.89013 1.30231 5221
6 14 68.1954 0.154881 6.53439 1.1456 13305
6 15 69.1823 0.248856 5.95209 1.30065 5659
6 16 65.0974 0.24135 5.58021 1.47038 4960
6 17 65.419 0.200139 6.05225 0.959517 7732
6 18 65.3816 0.217711 6.14787 1.01239 6184
6 19 66.6588 0.340301 6.27888 1.0592 3081
6 20 64.3239 0.239251 6.33951 1.13033 5418
6 21 66.1538 0.173896 5.88802 1.03791 9731
6 22 65.6896 0.238111 5.47032 0.906901 5464
6 23 65.6864 0.225842 6.23769 1.27253 6426
6 24 66.4385 0.193686 6.21113 1.03141 8582
6 25 65.4623 0.381488 6.14223 1.2433 2662
6 26 66.4632 0.152919 6.00986 1.1747 12768
6 27 66.4439 0.238575 5.60325 1.29736 4846
6 28 65.3722 0.276472 5.55021 1.22535 4370
6 29 66.2916 0.20201 6.20638 1.21149 7111
6 30 66.7158 0.247887 6.16793 1.22682 5259
6 31 64.6503 0.348481 5.53547 1.39187 2753
6 32 63.8837 0.274279 5.67439 1.60302 3985
6 33 65.2592 0.279069 6.58622 1.12064 4279
6 34 64.4646 0.160458 5.98645 0.99068 11142
6 35 63.8878 0.317366 5.54687 1.07629 2996
6 36 70.2477 0.259011 6.39536 1.31847 4952
6 37 0 0 0 0 0
6 38 64.4582 0.326583 6.88627 1.29836 2739
6 39 65.3863 0.278365 5.62574 1.07576 4161
6 40 65.6573 0.25097 6.46642 1.52397 5196
6 41 69.0705 0.255478 6.67558 0.819447 5165
6 42 65.9992 0.222824 5.73665 1.41382 5945
6 43 70.0491 0.218871 6.1368 1.1724 6918
6 44 65.111 0.239525 5.36789 0.70617 4661
6 45 64.787 0.225829 5.70401 0.863485 5391
6 46 68.8352 0.168533 6.11513 1.48646 11100
6 47 65.6133 0.356384 5.19341 1.22193 2356
6 48 64.9261 0.215766 5.69132 0.979671 6033
6 49 65.6803 0.210478 5.69676 1.45828 7064
6 50 65.2594 0.243643 6.2001 1.01737 5011
6 51 69.1511 0.259618 6.43308 0.981873 5449
6 52 69.863 0.199449 6.39382 1.06401 8184
6 53 65.2265 0.292987 5.69819 1.34886 3617
6 54 66.0138 0.232485 5.8796 0.811773 5748
6 55 65.3521 0.203095 5.99059 1.16256 7170
6 56 69.247 0.294625 7.06206 0.707691 4241
6 57 64.4842 0.243073 5.70929 1.12947 4828
6 58 65.1238 0.239583 5.49248 1.20211 5425
6 59 64.8812 0.151297 5.70804 1.222 12749
6 60 64.5543 0.260518 5.45013 0.977121 3979
6 61 67.2728 0.202803 6.62515 1.70798 8209
6 62 66.1044 0.162628 6.21568 0.799764 11555
6 63 64.004 0.211197 5.34528 0.896349 6472
7 0 63.0803 0.216977 5.8251 1.2682 6553
7 1 62.6032 0.230273 6.0295 1.37109 5472
7 2 62.8781 0.23868 5.67177 0.979031 5309
7 3 0 0 0 0 0
7 4 61.9222 0.202503 5.61507 1.30368 7234
7 5 63.3179 0.210576 5.65146 1.19679 6944
7 6 62.6095 0.245076 6.2055 0.982348 5445
7 7 62.4697 0.140771 5.74653 1.20817 13836
7 8 62.8053 0.199504 5.1677 1.30047 7569
7 9 0 0 0 0 0
7 10 0 0 0 0 0
7 11 62.9799 0.193132 5.54284 1.32499 7891
7 12 62.8307 0.197861 5.35118 1.01802 7410
7 13 62.0752 0.164123 7.15851 2.41626 10831
7 14 63.1966 0.186741 5.39142 1.37107 8587
7 15 62.5481 0.180233 5.40665 1.08365 8399
7 16 0 0 0 0 0
7 17 61.7482 0.1883 5.90329 1.44822 7573
7 18 62.7999 0.184868 5.1235 1.47988 8539
7 19 62.7293 0.135095 5.37173 1.41929 15475
7 20 63.4819 0.220872 6.54823 1.34614 6525
7 21 63.1973 0.231246 4.73068 1.26345 6170
7 22 63.9012 0.16555 5.09593 1.55721 10255
7 23 63.4963 0.218244 5.93634 1.41544 6437
7 24 63.5064 0.198136 5.80044 1.27871 7007
7 25 66.0604 0.162546 6.3625 1.31261 12714
7 26 62.6705 0.169324 6.89948 2.08792 9483
7 27 64.6842 0.213564 5.87606 1.04979 6789
7 28 64.5183 0.183411 5.79251 1.58202 9278
7 29 64.5616 0.22497 6.15851 1.43414 6445
7 30 63.1656 0.21521 5.96572 1.00083 6544
7 31 62.9678 0.157502 5.34071 1.39652 12017
7 32 63.6006 0.173151 5.84217 1.25285 8969
7 33 64.8475 0.205173 6.01527 1.30232 7236
7 34 62.5665 0.183691 5.72407 1.48971 8362
7 35 65.6329 0.146031 5.74997 1.55638 13896
7 36 63.4263 0.22718 5.94345 1.1606 6850
7 37 0 0 0 0 0
7 38 63.21 0.145544 5.61672 1.5999 13717
7 39 62.762 0.14696 5.85907 1.23056 12984
7 40 0 0 0 0 0
7 41 0 0 0 0 0
7 42 63.8263 0.201329 5.66334 1.09113 7673
7 43 62.4608 0.201433 5.91868 0.903445 7216
7 44 66.8129 0.174797 5.81078 1.25077 11058
7 45 64.6848 0.190248 5.33311 1.60399 8655
7 46 63.1321 0.187921 5.60875 1.2505 8768
7 47 63.885 0.131083 5.62117 1.16937 16821
7 48 65.4023 0.206765 5.65173 1.11478 7946
7 49 66.8949 0.195291 5.65493 0.772101 8513
7 50 66.4861 0.184672 5.46793 1.59146 9733
7 51 62.33 0.144581 5.83088 1.31868 13114
7 52 62.859 0.186284 5.68996 1.22603 8268
7 53 63.2276 0.138272 5.60498 0.975073 14280
7 54 63.4466 0.185678 5.6505 1.25157 8387
7 55 62.6964 0.182197 5.69026 1.1913 8857
7 56 63.7535 0.153683 6.04252 0.962932 12584
7 57 61.8745 0.143631 5.64474 1.11663 13099
7 58 63.8367 0.187714 5.57331 0.999163 8734
7 59 61.1352 0.168359 5.78736 1.32062 9495
7 60 63.7151 0.149418 5.48137 1.03623 12714
7 61 61.9835 0.138717 5.437 0.987109 14050
7 62 62.4645 0.166054 5.35734 1.25377 10270
7 63 63.0402 0.188666 5.70552 1.35891 8669
8 0 66.1767 0.210796 5.61561 0.987513 7486
8 1 63.5769 0.218981 5.55282 0.962015 6568
8 2 60.3469 0.213466 5.51468 0.664652 6037
8 3 64.6017 0.205059 5.6556 1.13709 6923
8 4 64.4836 0.215231 5.68814 1.1618 5951
8 5 0 0 0 0 0
8 6 62.9191 0.229159 5.62199 1.10482 5357
8 7 63.563 0.181673 5.50062 1.10285 9076
8 8 62.8888 0.194453 5.56749 0.883555 7240
8 9 67.6302 0.23072 5.68941 0.793953 5995
8 10 63.7037 0.20689 5.2466 1.10755 7144
8 11 63.5385 0.224202 7.57811 1.90275 6536
8 12 63.9375 0.202634 5.87156 0.986304 6685
8 13 64.5053 0.189256 5.24263 0.910684 7608
8 14 62.9096 0.176208 5.59132 1.0027 8943
8 15 64.418 0.217834 6.02192 1.02032 6271
8 16 63.6471 0.192419 5.55534 0.900038 7596
8 17 63.7802 0.200375 5.60429 0.997937 6930
8 18 64.022 0.21671 6.1466 1.37531 5856
8 19 63.722 0.180413 5.39551 1.51715 7861
8 20 64.6564 0.239775 6.15966 1.15624 5453
8 21 63.8731 0.226085 5.35547 0.975321 5550
8 22 64.5667 0.18174 5.65429 1.02945 8406
8 23 64.2384 0.228933 6.06436 0.960289 6087
8 24 73.6437 134.529 17.7823 28.3905 7687
8 25 64.6742 0.211919 5.64119 0.954487 7102
8 26 64.0987 0.197814 5.67647 0.833032 7732
8 27 65.0119 0.217584 5.80688 1.38009 5960
8 28 65.6748 0.216818 5.45024 1.31792 6799
8 29 64.8428 0.205273 5.69285 0.904177 6961
8 30 65.2978 0.228392 5.97663 1.4007 5514
8 31 64.3725 0.178443 5.61876 0.966282 8987
8 32 65.6105 0.181767 5.90962 0.874442 8710
8 33 65.1026 0.200673 5.88676 1.16528 7038
8 34 65.7211 0.199181 5.84394 1.44779 7590
8 35 64.8536 0.175952 5.93864 0.698819 9076
8 36 64.798 0.213737 6.37259 1.37738 6808
8 37 0 0 0 0 0
8 38 67.3918 0.182879 5.73868 1.52165 9613
8 39 64.9265 0.158667 5.74655 1.20039 11409
8 40 65.5461 0.210745 6.3872 1.39989 6762
8 41 65.1354 0.184946 6.00189 1.24837 8542
8 42 65.3249 0.218545 6.1406 1.12867 6770
8 43 64.5384 0.194123 6.15582 1.04015 8449
8 44 65.1787 0.174971 5.8799 1.51185 9089
8 45 65.1387 0.208255 5.97428 1.10208 7148
8 46 64.453 0.173908 5.76779 1.21156 9739
8 47 65.1165 0.13858 5.52277 1.18943 14860
8 48 65.4707 0.214949 6.28255 1.18744 6981
8 49 65.027 0.194736 6.13117 1.02007 7786
8 50 65.8023 0.18129 5.96288 0.980851 8599
8 51 65.3356 0.136668 5.62766 1.23438 15302
8 52 65.7137 0.181933 6.00818 1.27927 8587
8 53 64.8231 0.139971 5.63882 1.37759 14298
8 54 65.6415 0.198847 5.69243 0.960411 7587
8 55 65.5329 0.171958 5.79988 1.24365 9984
8 56 65.2957 0.151179 5.80726 1.10245 11800
8 57 65.2407 0.146972 5.8359 1.31739 13149
8 58 65.6889 0.19991 6.10008 1.24437 7457
8 59 65.2515 0.176768 5.84933 1.28924 9553
8 60 67.571 0.151256 5.81866 1.78169 12702
8 61 64.8265 0.134138 5.4981 1.20107 16563
8 62 64.7659 0.165492 5.73422 0.973987 10300
8 63 64.6972 0.191174 5.58892 1.2758 8525
9 0 59.0088 0.118607 4.92036 1.07516 17726
9 1 57.0673 0.139253 5.35914 1.11951 13222
9 2 59.1893 0.154749 5.48452 0.857952 10739
9 3 58.6458 0.14808 5.50659 1.05401 11765
9 4 59.075 0.198742 5.56297 1.34868 6720
9 5 58.8458 0.185835 5.56944 1.15554 7162
9 6 58.1519 0.156548 5.63895 1.17195 10585
9 7 57.614 0.139057 5.05323 1.37977 12907
9 8 58.8722 0.193193 5.41133 1.46852 7587
9 9 57.0984 0.115123 5.42462 1.28528 19181
9 10 58.7162 0.102178 5.28271 1.3383 23936
9 11 58.128 0.207825 5.97543 1.283 6490
9 12 58.3056 0.173973 5.41416 1.00871 8853
9 13 57.596 0.142648 5.46755 0.802626 11738
9 14 56.9444 0.149159 5.4409 1.4844 11220
9 15 56.8334 0.173465 5.65777 1.28044 9113
9 16 55.8904 0.10363 5.21862 1.05402 22813
9 17 55.6319 0.182336 5.39682 0.893396 9008
9 18 57.6384 0.196483 5.12966 1.06135 7998
9 19 59.3747 0.154962 5.58783 1.15789 11491
9 20 58.7845 0.216734 5.59144 1.3418 7520
9 21 56.596 0.140636 5.56087 1.21075 13738
9 22 55.895 0.137667 5.23078 1.03671 13140
9 23 56.489 0.201201 5.2879 1.11439 7015
9 24 56.3316 0.162166 5.35689 1.30012 9859
9 25 58.3035 0.15575 5.25257 1.13045 11146
9 26 56.2614 0.154154 5.33436 0.8451 11347
9 27 59.4561 0.179028 5.30081 1.40671 9912
9 28 56.5869 0.150726 5.609 1.00232 11436
9 29 55.5112 0.168387 5.43894 1.1911 9356
9 30 56.1714 0.205162 5.7788 1.1169 7209
9 31 58.8404 0.232021 5.73661 1.4477 5856
9 32 58.8612 0.234401 6.1993 1.23491 5859
9 33 56.9 0.236404 4.71805 0.932788 6433
9 34 55.6383 0.145304 5.35574 1.06779 11768
9 35 58.7075 0.359925 5.87178 1.44157 2566
9 36 56.6343 0.211943 5.54328 1.32854 6196
9 37 0 0 0 0 0
9 38 60.6525 0.630663 4.68565 1.78252 1599
9 39 58.7948 0.222327 4.99102 1.74626 6007
9 40 56.9628 0.2219 5.63464 1.24094 5774
9 41 0 0 0 0 0
9 42 0 0 0 0 0
9 43 0 0 0 0 0
9 44 0 0 0 0 0
9 45 0 0 0 0 0
9 46 0 0 0 0 0
9 47 0 0 0 0 0
9 48 0 0 0 0 0
9 49 0 0 0 0 0
9 50 0 0 0 0 0
9 51 0 0 0 0 0
9 52 0 0 0 0 0
9 53 0 0 0 0 0
9 54 57.8498 0.174763 4.91428 0.813831 6878
9 55 57.8319 0.148853 4.9779 0.898631 10354
9 56 62.2328 0.210681 5.25403 1.24818 6915
9 57 58.1208 0.183491 4.41623 1.13102 7452
9 58 59.0135 0.173226 4.71556 1.17234 8138
9 59 59.3841 0.146822 4.91877 0.968907 11175
9 60 62.6609 0.43885 6.02183 9.34129 3400
9 61 59.2873 0.151892 4.55319 1.14879 10459
9 62 58.1913 0.136083 4.64072 1.20386 12647
9 63 59.0072 0.164713 4.93851 1.09398 8494
10 0 0 0 0 0 0
10 1 63.5424 0.147998 5.80029 1.19337 13012
10 2 64.7443 0.160341 5.67749 1.22319 10865
10 3 63.9704 0.195714 5.71364 1.47425 7904
10 4 64.7296 0.209866 5.13424 1.25118 7059
10 5 64.5681 0.187544 6.07203 1.38784 7926
10 6 64.2675 0.174001 5.85501 1.26529 9013
10 7 63.4431 0.165244 6.98527 2.99654 10100
10 8 64.3543 0.174265 5.68058 1.11507 9555
10 9 64.3743 0.179147 5.27949 1.12487 9787
10 10 64.2086 0.159085 5.50613 1.1484 11297
10 11 64.4963 0.192887 6.24487 1.0866 7834
10 12 64.2378 0.194485 5.67586 1.22136 7490
10 13 64.469 0.187274 5.84677 1.26708 8066
10 14 63.715 0.143317 5.46568 1.0889 12785
10 15 64.5706 0.205332 5.71662 0.897154 7349
10 16 67.2907 0.160529 5.82403 1.36463 11704
10 17 63.2164 0.170585 5.80954 1.07175 9370
10 18 64.2032 0.212882 5.92757 1.15504 6540
10 19 66.4763 0.184284 5.55344 1.20499 8486
10 20 64.5915 0.199325 5.91909 1.11483 7390
10 21 64.1342 0.180791 5.79874 1.51422 8985
10 22 66.7847 0.17181 5.49795 1.40373 10034
10 23 64.4934 0.184983 5.93364 1.62892 8413
10 24 63.5727 0.165491 5.28996 0.824245 10434
10 25 67.2065 0.178639 5.67579 1.81348 9806
10 26 62.1291 0.160321 5.57568 1.37964 10088
10 27 67.055 0.208171 6.22143 0.896905 7627
10 28 63.8496 0.18021 6.03102 1.37146 8641
10 29 64.022 0.165273 5.54663 1.35213 10035
10 30 65.1975 0.201085 5.7797 0.862077 7197
10 31 64.8273 0.168233 5.57608 1.00801 9665
10 32 65.8904 0.181372 5.52148 1.64398 9080
10 33 64.9642 0.192678 5.34991 1.47697 8509
10 34 63.8148 0.155984 5.54402 1.21376 11134
10 35 66.344 0.18806 5.966 1.09923 8996
10 36 64.9282 0.206176 6.05857 1.44581 7969
10 37 0 0 0 0 0
10 38 66.5191 0.172632 5.72236 1.2212 10329
10 39 66.3693 0.158961 5.89934 1.0396 12034
10 40 64.2543 0.198466 5.89687 1.21124 7507
10 41 64.5533 0.179065 5.45192 1.15099 8961
10 42 65.1285 0.206605 7.35167 1.69186 7296
10 43 63.3005 0.168405 6.32253 1.52347 10101
10 44 64.5699 0.171645 6.04613 1.36902 9852
10 45 64.3449 0.195911 5.92225 1.70291 7591
10 46 63.8873 0.157024 5.58795 1.04771 11381
10 47 63.8006 0.140036 5.52321 1.06736 14774
10 48 64.7155 0.206872 5.83316 0.961929 7228
10 49 63.6608 0.186196 5.75022 1.1403 8303
10 50 63.1914 0.172101 5.58429 1.23741 9083
10 51 62.4153 0.124145 5.35483 0.832535 17056
10 52 64.4382 0.174667 5.79091 1.13055 9679
10 53 62.8365 0.13982 5.59578 1.25836 14523
10 54 63.0413 0.182519 5.42496 1.55415 8178
10 55 63.8596 0.149445 5.71152 1.25944 12345
10 56 62.5477 0.152948 5.80777 1.1218 11709
10 57 64.4511 0.142307 5.56946 0.823114 14025
10 58 63.4114 0.188441 5.97388 0.979243 8213
10 59 63.9916 0.161913 5.78678 0.990774 10948
10 60 65.8572 0.158809 5.96728 1.49595 12014
10 61 63.5756 0.243192 14.4016 64.2337 19514
10 62 62.9244 0.144783 5.82108 0.955971 12923
10 63 63.6841 0.172056 5.53348 1.34923 10215
11 0 63.2427 0.106885 5.24967 1.29279 22680
11 1 63.716 0.125029 5.32633 1.19657 17428
11 2 67.0062 0.166351 6.03637 1.05059 12036
11 3 67.934 0.193504 5.87469 1.16501 8158
11 4 64.1245 0.213815 5.74599 1.19489 6755
11 5 64.7197 0.198555 6.32239 1.2854 7771
11 6 63.8356 0.161042 5.58036 1.36569 10853
11 7 62.3007 0.203252 5.82453 1.4903 7695
11 8 65.7115 0.187471 6.2419 1.18191 8630
11 9 62.4698 0.166528 5.73323 1.22928 10274
11 10 63.1543 0.15089 5.60184 1.42828 11809
11 11 64.6457 0.204939 7.3297 2.30165 7333
11 12 0 0 0 0 0
11 13 63.6585 0.200683 5.7487 1.24078 7041
11 14 64.0297 0.13493 5.79984 1.26437 15088
11 15 64.7689 0.213533 6.08419 0.867901 6754
11 16 61.7287 0.156802 5.24384 1.34806 11339
11 17 63.6462 0.165047 5.75354 1.23926 10213
11 18 64.844 0.207787 7.2002 1.85473 6882
11 19 67.4687 0.210363 5.8173 1.02781 6719
11 20 64.5011 0.210651 6.40911 0.974419 7113
11 21 67.2909 0.159614 6.06498 1.50515 11245
11 22 64.0877 0.194984 5.86877 1.24853 7891
11 23 64.5661 0.192912 6.00734 1.52708 7602
11 24 64.5659 0.155887 5.87518 1.07619 11580
11 25 63.3014 0.202513 6.06531 0.992034 7063
11 26 63.3451 0.155238 7.24004 3.12 12142
11 27 65.4651 0.21109 6.37362 1.46583 6911
11 28 67.7245 0.214697 6.42407 1.01655 7413
11 29 64.4212 0.163783 5.92669 1.09123 10861
11 30 64.7911 0.211718 6.45517 1.12094 7280
11 31 64.0748 0.192634 5.77863 0.947372 7724
11 32 62.8229 0.208823 5.9861 1.07989 7504
11 33 68.244 0.210627 6.48049 1.02973 7330
11 34 64.2278 0.149998 5.37843 1.09066 13221
11 35 63.0668 0.180528 5.62956 1.0301 9142
11 36 64.3457 0.206528 6.21546 1.48078 7132
11 37 0 0 0 0 0
11 38 63.7274 0.144744 5.41947 1.03531 13304
11 39 64.5471 0.164856 5.653 1.09505 10551
11 40 0 0 0 0 0
11 41 67.2732 0.180687 6.30312 1.16726 9845
11 42 65.0094 0.232377 5.92258 1.17748 5954
11 43 64.6548 0.178514 6.07001 1.396 9753
11 44 63.4769 0.143755 5.77306 1.24843 13700
11 45 64.7943 0.185454 5.59965 1.10554 8323
11 46 64.1518 0.15097 6.03336 1.59188 12658
11 47 64.1355 0.131882 5.37971 1.38318 16633
11 48 65.5832 0.208637 5.7836 1.17546 6859
11 49 64.094 0.209525 5.83159 1.09036 6866
11 50 63.9969 0.167504 5.91103 1.18381 10524
11 51 64.4331 0.154292 5.9582 1.20043 11918
11 52 64.0509 0.180138 6.15041 1.43603 8977
11 53 63.252 0.128723 5.62952 1.16556 17035
11 54 64.0278 0.182922 5.63954 1.10622 8489
11 55 64.7897 0.163677 5.58942 1.11072 10663
11 56 62.9682 0.184057 6.18082 1.48313 8496
11 57 62.9923 0.187005 6.0527 0.965452 8873
11 58 63.201 0.206935 6.33268 1.19916 7393
11 59 62.9863 0.168543 5.97183 1.46686 10507
11 60 64.7092 0.148398 5.59182 1.31511 13762
11 61 63.2592 0.137645 5.79579 1.24538 15198
11 62 62.8236 0.151818 7.13771 2.83556 12350
11 63 64.186 0.198276 5.51907 1.27414 7465
12 0 65.2901 0.122455 5.64716 1.36965 18749
12 1 65.8024 0.140341 5.62434 1.14108 15734
12 2 66.2287 0.145034 5.85401 1.31008 14172
12 3 67.1052 0.173507 5.74757 1.45473 9132
12 4 67.16 0.208 5.87939 1.0468 7752
12 5 66.9074 0.193781 6.12064 1.0094 8487
12 6 66.6967 0.164636 5.78054 1.18458 11624
12 7 65.5725 0.16883 5.8842 1.17571 10448
12 8 67.297 0.172398 7.24644 1.96711 9986
12 9 65.9592 0.155873 5.89347 1.27549 11871
12 10 65.701 0.147431 7.27048 2.94072 13712
12 11 66.3257 0.195506 6.38999 1.33588 8630
12 12 67.767 0.185653 5.73254 1.11231 8886
12 13 65.8914 0.175914 5.99592 1.46508 9274
12 14 72.3628 33.5634 12.6276 21.1014 12904
12 15 65.111 0.198561 6.32414 1.54956 7769
12 16 67.1402 0.142713 5.99968 1.28322 14762
12 17 66.8544 0.176795 6.02315 1.62744 9983
12 18 67.0281 0.207793 6.0747 0.864344 7683
12 19 66.4745 0.176042 5.98503 1.16409 9806
12 20 66.6309 0.200307 6.25491 1.34128 7269
12 21 65.9144 0.15466 5.69995 1.51837 11322
12 22 66.6312 0.165921 5.75206 1.59362 10118
12 23 67.1967 0.198937 6.17026 1.17017 8284
12 24 66.9883 0.167291 6.21645 1.27933 11737
12 25 65.8633 0.179551 6.45472 1.43868 9320
12 26 67.1776 0.164762 5.94033 1.29881 10766
12 27 68.0186 0.204668 6.13127 0.931939 7721
12 28 67.7394 0.191204 7.6087 2.02951 8994
12 29 64.4855 0.188264 6.09824 1.14042 8499
12 30 68.021 0.210863 6.20022 1.22806 7321
12 31 66.4544 0.19377 5.64102 1.0242 8320
12 32 67.7376 0.196778 6.2013 1.0984 8212
12 33 67.5548 0.205264 6.17406 1.11061 7085
12 34 66.771 0.17505 5.88808 0.977046 9986
12 35 67.3264 0.189088 6.3006 0.957076 8817
12 36 67.1323 0.220283 6.68328 1.39463 6568
12 37 0 0 0 0 0
12 38 66.861 0.161455 5.87121 1.01442 11317
12 39 68.1996 0.196926 6.06866 1.08134 8528
12 40 67.1663 0.223242 6.70719 0.891755 6741
12 41 67.8354 0.196253 6.35942 1.07427 8219
12 42 67.9998 0.216746 5.99797 1.09204 6899
12 43 66.4014 0.203966 6.70578 1.41743 8049
12 44 67.4839 0.159464 5.73353 1.20262 10978
12 45 67.9883 0.211304 6.66165 1.14491 7460
12 46 64.8611 0.185676 6.28168 1.30982 8954
12 47 64.5307 0.166711 5.86595 1.30312 10854
12 48 67.9003 0.226184 6.687 1.04054 6745
12 49 67.1411 0.199565 5.95348 1.08205 7620
12 50 67.0657 0.186472 6.18606 0.759118 8856
12 51 66.6062 0.186006 6.319 0.981346 9457
12 52 66.0317 0.184024 6.07791 1.05524 8515
12 53 66.8777 0.168369 5.83788 0.951729 10818
12 54 66.034 0.19434 6.37053 1.31394 8380
12 55 63.7152 0.177394 5.87999 1.03379 9765
12 56 66.0983 0.18776 6.09462 0.838969 8590
12 57 66.3407 0.183363 6.28996 0.70284 9331
12 58 66.7858 0.186536 5.88309 1.13435 8541
12 59 68.2043 0.184919 5.50238 1.20164 9384
12 60 66.3052 0.189553 6.23742 0.934572 9263
12 61 65.6786 0.167385 6.0691 1.23057 10870
12 62 66.0245 0.163582 5.97343 1.11034 11899
12 63 66.053 0.177605 5.83228 1.1377 9294
13 0 64.6548 0.157922 5.88616 1.29839 12076
13 1 65.5498 0.171596 6.02471 1.08906 10826
13 2 65.3742 0.191659 6.32324 1.00213 8478
13 3 66.6892 0.199265 5.93944 1.29427 8705
13 4 65.1749 0.232974 6.81195 1.16176 6404
13 5 65.435 0.193531 5.47902 0.976065 8168
13 6 65.2586 0.190831 6.00427 1.28343 8686
13 7 64.343 0.182012 5.49268 1.48783 9685
13 8 65.1531 0.1965 5.60712 0.877844 8492
13 9 65.7994 0.186273 6.01656 0.991772 8938
13 10 65.4668 0.182252 5.945 0.903635 9527
13 11 64.8301 0.22731 6.2873 1.48297 6769
13 12 63.4443 0.191659 5.50545 1.14812 8375
13 13 65.9693 0.202066 5.72611 1.40586 7914
13 14 64.8587 0.14922 5.87647 0.961443 13302
13 15 65.9572 0.206317 5.91305 1.3017 7418
13 16 68.6591 0.187119 5.66041 1.73398 10095
13 17 65.2968 0.194541 5.63202 1.44614 8614
13 18 65.1378 0.209998 5.90574 1.3661 7772
13 19 65.5617 0.202192 6.10084 1.53753 7964
13 20 65.394 0.23497 7.44431 2.06465 6164
13 21 65.5591 0.184122 5.78433 0.932072 9007
13 22 65.3407 0.175511 5.56995 1.07786 9469
13 23 65.0489 0.223489 5.96265 1.45263 6604
13 24 65.0921 0.157911 5.37864 1.40725 11126
13 25 64.8561 0.195181 5.56934 1.24216 8488
13 26 65.9347 0.171082 5.68371 1.14858 10156
13 27 65.6611 0.210539 6.09185 1.54948 7311
13 28 65.2796 0.190743 5.69392 1.38456 9150
13 29 66.0108 0.188225 5.99958 1.53798 8878
13 30 66.1851 0.223711 5.84189 1.46959 7223
13 31 65.5405 0.175664 5.60212 1.24303 10072
13 32 65.5307 0.166057 5.37011 1.43178 10474
13 33 65.436 0.196933 5.68037 1.52225 9105
13 34 68.3237 0.174973 5.98635 1.34319 11047
13 35 65.249 0.169891 5.62382 1.10863 10142
13 36 65.448 0.213055 6.15345 1.75023 7228
13 37 0 0 0 0 0
13 38 64.9015 0.188523 5.75981 1.51703 9049
13 39 65.1635 0.157499 5.19172 1.74544 11630
13 40 65.5073 0.227223 6.1485 1.17185 6546
13 41 65.6864 0.179663 6.25249 1.28508 10241
13 42 66.0443 0.214483 5.73822 1.68454 7297
13 43 65.5946 0.178311 5.85126 1.14959 9618
13 44 65.3951 0.177463 6.05023 1.00177 9443
13 45 66.1408 0.19049 5.69923 1.15092 8828
13 46 65.2633 0.160395 5.40812 1.1648 11715
13 47 64.9783 0.161461 5.37666 1.344 11896
13 48 64.7205 0.207871 6.01105 0.944572 7512
13 49 64.4978 0.209058 5.96868 1.07389 7258
13 50 65.7156 0.185842 5.32828 1.49798 9145
13 51 64.5707 0.125212 5.30215 1.63819 17702
13 52 65.5055 0.177026 5.99305 1.34065 9884
13 53 64.6861 0.156929 5.34833 1.08102 12383
13 54 65.5393 0.186442 5.67808 1.44554 8481
13 55 64.3261 0.160992 5.46267 1.1536 11658
13 56 65.1463 0.172669 5.5472 1.3509 11167
13 57 64.8908 0.167439 5.71203 1.08573 11182
13 58 66.0271 0.197592 5.99861 1.10862 7985
13 59 65.3014 0.157067 5.73621 1.16281 12585
13 60 64.6609 0.171235 6.02123 1.554 11027
13 61 67.3898 0.122387 5.46002 1.42813 22656
13 62 64.7286 0.142706 7.20657 3.3823 14644
13 63 64.7044 0.186474 5.74745 1.4747 8663
14 0 62.7849 0.133664 5.35122 1.19732 14666
14 1 62.9088 0.139795 5.49513 1.77121 13518
14 2 62.5476 0.140879 5.24262 1.13045 12700
14 3 63.6043 0.176774 5.76496 1.32198 8428
14 4 65.4795 0.202384 6.22731 1.48866 7226
14 5 63.6328 0.192675 6.11062 0.936111 7423
14 6 62.6223 0.151398 5.57167 1.15685 11432
14 7 62.8447 0.162134 5.84663 1.40967 10134
14 8 62.5605 0.177632 5.16176 1.47745 8322
14 9 62.5797 0.146251 6.7726 2.53294 12278
14 10 62.8283 0.131273 5.32832 0.952523 14523
14 11 62.3688 0.193798 6.15273 1.21653 7476
14 12 65.6293 0.197709 6.25506 1.15311 7937
14 13 63.2355 0.168248 5.60942 1.26854 9265
14 14 62.4831 0.164196 5.64162 1.27791 9458
14 15 63.1005 0.191203 6.24317 1.01634 7539
14 16 63.576 0.132026 5.61552 1.38058 14604
14 17 63.2823 0.196145 6.06949 1.14272 7691
14 18 63.2085 0.199007 6.02155 1.2526 7224
14 19 63.3367 0.170358 5.51844 1.09868 9744
14 20 63.6065 0.217147 6.357 1.22668 6255
14 21 63.1335 0.14793 5.64837 0.875824 12072
14 22 64.2272 0.162405 5.54581 1.32037 10025
14 23 62.7487 0.202873 5.92898 1.16185 6768
14 24 62.6736 0.174854 5.71368 1.34014 8794
14 25 62.9087 0.185934 5.19288 1.5085 8472
14 26 63.1504 0.174099 5.93019 1.43525 8949
14 27 64.4245 0.198221 5.47915 1.20017 6932
14 28 63.9276 0.177946 5.66781 1.08206 8234
14 29 66.2661 0.202372 5.59227 1.14548 6965
14 30 64.1213 0.216818 6.05814 1.29466 6257
14 31 63.3871 0.184724 5.67173 1.06136 7746
14 32 63.5586 0.192202 6.04693 1.10211 7466
14 33 63.634 0.208934 5.45584 1.20124 6328
14 34 63.0404 0.177597 5.4818 1.58556 7762
14 35 61.9141 0.166157 5.36852 1.64133 9554
14 36 63.9936 0.226642 6.04459 0.940366 5928
14 37 0 0 0 0 0
14 38 64.8678 0.181162 5.83167 1.26316 8786
14 39 62.815 0.224068 5.55076 1.18583 5023
14 40 66.2902 0.233344 6.56106 1.54748 5787
14 41 62.9276 0.165865 5.26477 1.27384 8995
14 42 62.6463 0.198035 5.46256 1.3499 6920
14 43 62.0378 0.191212 5.80717 1.17838 7097
14 44 63.0453 0.173602 5.24041 0.917592 8254
14 45 63.514 0.192051 5.70142 0.926588 7345
14 46 63.261 0.194896 5.97906 1.35574 7512
14 47 64.3923 0.203514 5.62623 1.33017 6615
14 48 62.7918 0.198135 5.72747 1.24834 6977
14 49 62.757 0.186338 5.55549 0.860955 7732
14 50 62.6211 0.198026 5.3092 1.13116 6814
14 51 61.7359 0.20348 5.42632 1.21035 6350
14 52 62.5874 0.173746 5.40732 1.11063 8680
14 53 62.7529 0.217789 6.22338 0.921164 6422
14 54 62.3206 0.198226 5.06872 1.04955 6516
14 55 62.2901 0.177452 5.66313 1.21472 7961
14 56 62.152 0.234059 5.69231 1.23431 4973
14 57 61.6885 0.221526 6.81619 1.82365 5463
14 58 62.3601 0.196498 5.31161 1.19269 6256
14 59 61.4429 0.156385 5.38538 1.78753 10291
14 60 61.9895 0.221321 5.58744 1.01096 5366
14 61 64.2624 0.201509 5.80842 1.14745 7366
14 62 61.4786 0.176939 5.48269 1.30321 9340
14 63 62.9228 0.196121 5.70996 0.811571 7147
15 0 65.2604 0.202249 5.71075 1.22726 7865
15 1 68.7185 0.241144 6.0209 1.19152 7041
15 2 67.8719 0.264781 6.05988 1.21453 5566
15 3 0 0 0 0 0
15 4 65.8172 0.221216 5.83667 1.15487 7058
15 5 65.0571 0.223218 6.24274 1.68238 6324
15 6 75.8802 0.0803372 0.437816 6.6788 4867
15 7 63.531 0.204745 5.62807 1.13229 7938
15 8 64.9774 0.221434 6.0175 1.26705 6471
15 9 0 0 0 0 0
15 10 0 0 0 0 0
15 11 63.3052 0.212791 5.5586 1.17566 7044
15 12 63.6885 0.219342 6.24193 1.34035 6774
15 13 64.7224 0.179873 5.72319 0.926048 9104
15 14 64.691 0.165037 5.70144 0.947087 10436
15 15 64.6894 0.192003 5.80632 1.00169 7927
15 16 66.5115 0.224988 5.44899 1.40593 6205
15 17 64.7332 0.183639 5.25415 1.08179 9096
15 18 64.6014 0.204557 6.13399 1.25122 7388
15 19 63.3003 0.17449 5.21641 1.31139 8937
15 20 65.0868 0.240658 5.01513 1.08744 5959
15 21 64.9878 0.24001 5.6414 1.49617 5304
15 22 65.0816 0.186384 5.42302 1.22364 8347
15 23 65.619 0.235927 6.46996 0.903877 6347
15 24 66.3674 0.186852 5.81201 0.966464 9167
15 25 64.8874 0.219995 5.45709 1.0973 6831
15 26 65.5653 0.157789 5.56301 1.43503 11415
15 27 67.5497 0.232526 6.47957 0.941999 6589
15 28 69.5279 0.225592 5.96172 1.46476 7334
15 29 65.3568 0.21091 5.59844 1.06813 7328
15 30 65.6464 0.224305 5.37743 1.23256 6462
15 31 63.6355 0.218434 5.87931 0.992145 6701
15 32 65.1633 0.208793 5.51714 1.10287 7277
15 33 64.1243 0.22117 5.73794 1.4345 6693
15 34 65.1917 0.196449 5.91028 1.01903 8237
15 35 64.8778 0.198139 5.22441 1.38194 8082
15 36 63.9709 0.233031 6.14218 1.12112 6424
15 37 0 0 0 0 0
15 38 64.5235 0.196409 5.91457 1.69325 8476
15 39 64.9401 0.152628 5.75195 1.27521 12653
15 40 0 0 0 0 0
15 41 65.6876 0.194068 5.96566 1.53446 8148
15 42 62.4716 0.199945 5.7559 1.47672 7209
15 43 64.4604 0.206185 6.1656 1.17806 7613
15 44 63.2683 0.185954 6.17208 0.947845 8676
15 45 64.4154 0.214504 6.19377 1.13032 7192
15 46 64.4035 0.192912 5.95154 1.12702 7900
15 47 63.791 0.146329 5.30238 1.75153 12954
15 48 64.206 0.198499 5.55839 1.08714 7747
15 49 63.5334 0.206773 6.11889 1.30965 7255
15 50 63.8315 0.191082 5.72953 1.35991 8158
15 51 64.7916 0.147762 5.9089 1.27995 13587
15 52 65.7002 0.191557 5.83189 1.36172 8699
15 53 64.4937 0.148991 5.59762 1.36806 13860
15 54 64.6784 0.198348 6.27018 1.02665 8321
15 55 64.2984 0.185201 6.1334 0.985184 8837
15 56 64.3869 0.159849 5.65785 1.42505 11881
15 57 64.0427 0.152249 5.8944 0.988798 12516
15 58 64.1947 0.204599 6.00185 1.01949 7809
15 59 64.045 0.183439 6.04631 1.52523 9187
15 60 64.5723 0.15675 5.61708 1.4274 12676
15 61 63.4744 0.136522 5.80214 1.27877 15160
15 62 65.1022 0.180179 7.55386 1.57302 10082
15 63 64.957 0.194625 5.59707 1.31692 8516
