#mip results dif_1_1_2
#chip channel mpv empv widthmpv chi2ndf nentries
0 0 57.7956 0.153012 4.34517 1.39789 9888
0 1 54.4579 0.173564 4.27639 1.30732 6219
0 2 64.6312 0.0418804 0.316924 9.71101 5814
0 3 57.3643 0.175388 4.26213 0.864815 6804
0 4 57.6041 0.222861 5.23454 1.236 4269
0 5 0 0 0 0 0
0 6 0 0 0 0 0
0 7 0 0 0 0 0
0 8 55.0068 0.198599 4.72091 0.948832 5309
0 9 0 0 0 0 0
0 10 25.365 7.98763 6.1035 0.930319 2290
0 11 56.6471 0.204631 4.38776 1.36566 4505
0 12 57.2325 0.169708 5.07461 1.05456 7107
0 13 57.8891 0.209291 5.22591 1.02807 4969
0 14 56.9092 0.150978 4.50619 1.07775 9143
0 15 58.0755 0.203765 6.08669 2.08893 4927
0 16 0 0 0 0 0
0 17 63.4736 0.217444 5.25445 1.01066 4944
0 18 57.6086 0.19312 5.05625 0.931707 5381
0 19 64.9803 0.326312 4.56119 0.760982 2611
0 20 58.6071 0.249704 5.15247 1.01663 3794
0 21 51.2796 0.151467 4.36601 0.678832 7532
0 22 0 0 0 0 0
0 23 56.979 0.212758 4.23624 1.48048 4287
0 24 57.3585 0.189433 4.74355 1.16805 5812
0 25 58.4871 0.330302 4.19125 0.877462 2216
0 26 60.2222 0.166461 4.81647 0.794366 8007
0 27 58.0439 0.231701 4.82466 1.07422 3587
0 28 57.6366 0.237463 4.83465 1.10231 3409
0 29 60.679 0.206025 4.95441 1.04083 4883
0 30 59.2169 0.230098 5.13019 1.23461 3811
0 31 56.8341 0.351822 3.64078 0.979655 2084
0 32 58.2775 0.245229 4.12878 1.33849 3597
0 33 60.9234 0.235643 4.8421 0.872041 4024
0 34 65.0751 0.171648 5.03362 1.33481 8610
0 35 58.185 0.330281 6.05289 1.34864 1970
0 36 60.6911 0.233185 5.52853 1.14859 4282
0 37 0 0 0 0 0
0 38 58.5971 0.286398 5.19622 0.942548 2603
0 39 64.1204 0.180236 5.14617 1.53256 7897
0 40 64.1561 0.233978 5.16605 0.89971 4381
0 41 59.8361 0.265585 4.89203 1.1541 3211
0 42 59.0918 0.246024 3.84004 0.979015 3847
0 43 59.0625 0.198109 4.49235 1.27702 5734
0 44 65.3779 0.24806 4.68261 1.25245 3936
0 45 60.8259 0.231556 4.61208 0.932881 3642
0 46 64.6332 0.161355 5.17538 1.02308 9668
0 47 65.2081 0.275503 5.01865 0.796165 3678
0 48 57.9118 0.231873 4.2295 0.838691 3893
0 49 60.7745 0.227656 4.57794 0.75136 4506
0 50 57.1096 0.225199 4.80608 1.02364 3883
0 51 59.7541 0.163526 4.45178 0.916165 9146
0 52 60.2898 0.206926 4.65185 0.959561 5342
0 53 57.6411 0.170317 4.41513 0.933613 6748
0 54 59.2709 0.232456 4.43331 1.31506 4396
0 55 59.2316 0.19044 4.57523 1.00167 5602
0 56 56.6936 0.165328 4.81548 0.844535 7238
0 57 57.4825 0.151075 4.27777 0.913095 8519
0 58 63.8594 0.224487 4.46223 0.52066 4928
0 59 59.7512 0.159171 4.91422 0.960679 8231
0 60 64.4524 0.188341 4.74106 0.919536 7380
0 61 56.7811 0.127967 4.49398 1.20493 12057
0 62 58.5572 0.153922 4.71305 0.903982 8883
0 63 59.4193 0.206973 5.1094 1.08382 5145
1 0 0 0 0 0 0
1 1 0 0 0 0 0
1 2 0 0 0 0 0
1 3 0 0 0 0 0
1 4 0 0 0 0 0
1 5 0 0 0 0 0
1 6 0 0 0 0 0
1 7 0 0 0 0 0
1 8 0 0 0 0 0
1 9 0 0 0 0 0
1 10 0 0 0 0 0
1 11 0 0 0 0 0
1 12 0 0 0 0 0
1 13 0 0 0 0 0
1 14 0 0 0 0 0
1 15 0 0 0 0 0
1 16 0 0 0 0 0
1 17 0 0 0 0 0
1 18 0 0 0 0 0
1 19 0 0 0 0 0
1 20 0 0 0 0 0
1 21 0 0 0 0 0
1 22 0 0 0 0 0
1 23 0 0 0 0 0
1 24 0 0 0 0 0
1 25 0 0 0 0 0
1 26 0 0 0 0 0
1 27 0 0 0 0 0
1 28 0 0 0 0 0
1 29 0 0 0 0 0
1 30 0 0 0 0 0
1 31 0 0 0 0 0
1 32 0 0 0 0 0
1 33 0 0 0 0 0
1 34 0 0 0 0 0
1 35 0 0 0 0 0
1 36 0 0 0 0 0
1 37 0 0 0 0 0
1 38 0 0 0 0 0
1 39 0 0 0 0 0
1 40 0 0 0 0 0
1 41 0 0 0 0 0
1 42 0 0 0 0 0
1 43 0 0 0 0 0
1 44 0 0 0 0 0
1 45 0 0 0 0 0
1 46 0 0 0 0 0
1 47 0 0 0 0 0
1 48 0 0 0 0 0
1 49 0 0 0 0 0
1 50 0 0 0 0 0
1 51 0 0 0 0 0
1 52 0 0 0 0 0
1 53 0 0 0 0 0
1 54 0 0 0 0 0
1 55 0 0 0 0 0
1 56 0 0 0 0 0
1 57 0 0 0 0 0
1 58 0 0 0 0 0
1 59 0 0 0 0 0
1 60 0 0 0 0 0
1 61 0 0 0 0 0
1 62 0 0 0 0 0
1 63 0 0 0 0 0
2 0 57.0922 0.137778 4.68494 1.17224 10723
2 1 56.8691 0.176703 4.49162 1.19015 6944
2 2 56.5076 0.170121 4.51593 0.912927 6522
2 3 0 0 0 0 0
2 4 58.3946 0.250768 4.22942 1.04201 3890
2 5 58.3559 0.20432 4.6881 0.681712 4666
2 6 56.7944 0.191023 4.60123 0.996037 5560
2 7 61.3877 0.0915633 0.387855 3.19588 2474
2 8 63.5392 0.212749 4.93733 0.850899 5284
2 9 63.4463 0.21283 4.44805 0.718414 5802
2 10 63.9416 0.220374 4.31444 0.995279 5537
2 11 57.8536 0.223944 4.85848 1.31565 4137
2 12 63.3616 0.21775 4.95307 0.995692 5193
2 13 58.952 0.260924 4.29803 0.825144 3372
2 14 56.8858 0.147797 4.65406 0.953919 8882
2 15 63.9561 0.265701 5.30185 0.722327 3519
2 16 58.9897 0.291248 4.83721 0.991539 2935
2 17 58.8973 0.206066 4.5761 0.936494 5068
2 18 59.7932 0.253108 4.11101 1.2153 3752
2 19 58.0218 0.353354 3.95522 1.3501 2228
2 20 64.0069 0.238673 4.758 1.2644 4294
2 21 59.6767 0.177825 4.54902 0.926122 6415
2 22 64.0744 0.23513 4.51646 0.895519 4410
2 23 57.3847 0.195963 4.39679 0.87581 5272
2 24 57.7072 0.19023 4.33601 0.870871 5854
2 25 63.9708 0.353966 4.58042 1.02897 2206
2 26 64.5707 0.168258 5.17781 1.33848 9074
2 27 64.2598 0.240889 5.12887 1.04682 3983
2 28 56.6271 0.21955 4.42094 0.89589 3749
2 29 64.1787 0.191498 4.90428 0.901328 6022
2 30 58.0959 0.246354 3.99522 1.1062 4334
2 31 58.6521 0.299308 4.25459 0.808983 2048
2 32 64.8277 0.266255 5.03223 1.09151 3445
2 33 57.9245 0.233749 4.19895 0.754242 3607
2 34 63.6979 0.14927 4.70297 0.825529 10493
2 35 64.5575 0.350611 4.16606 1.07189 2195
2 36 59.7723 0.223717 4.73817 1.06269 4099
2 37 0 0 0 0 0
2 38 64.1303 0.296161 4.6477 1.18905 2687
2 39 57.2129 0.176689 4.61284 0.92404 6151
2 40 59.5061 0.232056 4.55238 1.18085 3937
2 41 59.3017 0.269449 4.92324 0.586987 3124
2 42 64.049 0.240918 5.33805 0.744077 4079
2 43 59.4511 0.184417 4.65558 0.99651 5456
2 44 58.4645 0.222506 4.97099 1.51265 4226
2 45 59.5215 0.24721 4.28017 1.19605 3309
2 46 59.5266 0.147878 4.47204 0.857732 9492
2 47 54.5924 0.304657 3.81359 1.58005 2970
2 48 56.948 0.226006 4.47787 0.923224 3635
2 49 59.3291 0.22441 5.28323 0.872358 4188
2 50 63.6827 0.236301 4.51857 1.52438 4613
2 51 57.5189 0.170233 4.52913 1.14655 7531
2 52 59.7176 0.211213 5.41649 1.54251 5050
2 53 57.1245 0.206304 4.04154 0.604067 5328
2 54 58.9991 0.208817 4.91083 1.23504 4953
2 55 63.092 0.186523 4.66557 0.904978 6494
2 56 62.9897 0.213911 4.39629 1.36113 5814
2 57 58.4266 0.174687 4.54379 0.967214 7227
2 58 59.2987 0.210832 4.97748 0.811392 4844
2 59 62.7779 0.161305 5.35989 1.10771 8883
2 60 62.8258 0.207416 4.46578 1.14035 5730
2 61 58.558 0.134452 4.76039 0.798314 11686
2 62 58.6849 0.144523 4.80251 1.49236 10318
2 63 59.4693 0.199256 5.05762 0.943471 5789
3 0 64.1293 0.182763 4.56807 0.982666 8251
3 1 58.9905 0.177603 4.50693 0.819783 7676
3 2 63.756 0.178868 5.38302 0.752131 7809
3 3 59.4841 0.186258 4.24292 1.05904 6348
3 4 63.9655 0.239927 5.16498 0.977706 4551
3 5 64.0441 0.204967 5.24526 1.23501 5805
3 6 59.221 0.176219 5.09312 1.1587 7227
3 7 58.9729 0.1364 5.10597 0.961214 12211
3 8 64.4109 0.204798 4.55476 1.12866 6344
3 9 62.9681 0.170022 5.18088 0.969684 8314
3 10 0 0 0 0 0
3 11 63.2159 0.229042 5.05195 1.09456 4742
3 12 60.6305 0.189779 4.71188 0.831983 6246
3 13 58.7756 0.18583 4.83014 1.18772 6445
3 14 59.2808 0.181416 4.66301 0.79547 6915
3 15 56.3966 0.209705 5.04132 0.946122 4551
3 16 57.9601 0.123045 4.51538 0.887596 14300
3 17 61.9942 0.224526 5.22676 1.36919 4850
3 18 63.8618 0.235192 5.08069 0.926132 4555
3 19 59.4556 0.151083 4.8616 1.07966 9525
3 20 60.1594 0.23178 4.59781 1.08227 4781
3 21 59.7232 0.16604 4.99847 1.07865 7793
3 22 60.6056 0.162153 4.76769 1.33545 8453
3 23 57.3133 0.208889 4.40395 0.973805 5228
3 24 60.4436 0.194124 4.82349 0.979099 6162
3 25 63.5808 0.167051 5.2881 0.796721 9612
3 26 64.2956 0.202818 5.37154 0.978002 5958
3 27 65.0366 0.220525 4.42541 0.871435 4795
3 28 62.6719 0.191319 5.23354 1.17099 6701
3 29 53.7655 0.201447 4.75937 1.39038 5302
3 30 60.7708 0.228436 5.39645 1.14088 4502
3 31 60.4008 0.145917 4.69834 1.17527 10827
3 32 56.968 0.172059 5.21463 1.17353 7023
3 33 60.0742 0.209802 4.73047 1.02308 5294
3 34 59.8316 0.194918 4.76146 0.614108 6142
3 35 57.4168 0.151258 4.72951 1.21919 9321
3 36 58.5283 0.22115 3.99494 0.923074 4993
3 37 0 0 0 0 0
3 38 60.4719 0.145778 5.01087 0.924533 10421
3 39 58.3679 0.174338 4.98558 1.26784 6839
3 40 0 0 0 0 0
3 41 58.5982 0.179664 4.67783 0.996223 6267
3 42 58.4492 0.207984 5.04486 1.62326 4506
3 43 64.2025 0.210507 4.85784 0.677999 6023
3 44 60.9701 0.175569 6.56844 2.84253 7699
3 45 60.9794 0.22109 4.75558 0.914865 4541
3 46 56.6985 0.185644 6.47924 2.56678 6963
3 47 57.5063 0.126293 4.41031 0.752917 12819
3 48 58.5468 0.221353 4.40471 1.26255 4541
3 49 59.7231 0.22065 4.0928 0.975633 4915
3 50 58.9027 0.193744 5.02052 1.04697 5630
3 51 57.3996 0.169923 4.96433 0.780412 7077
3 52 64.7637 0.24202 4.48357 1.17921 4739
3 53 60.5686 0.157535 4.6868 1.23092 9349
3 54 57.9628 0.201039 4.47778 0.861086 5614
3 55 63.7283 0.195514 5.07693 1.38098 5950
3 56 57.1502 0.181839 5.12022 0.879073 6552
3 57 56.9581 0.162562 4.77818 0.774187 7232
3 58 58.2326 0.19451 4.53848 1.25062 5533
3 59 59.5221 0.193678 5.02958 0.810988 5975
3 60 56.5368 0.175236 5.01189 0.974065 6935
3 61 59.3544 0.170756 5.11211 1.00402 7788
3 62 62.9689 0.181007 4.85107 0.997882 6740
3 63 56.9776 0.182498 4.58723 0.664889 5894
4 0 57.1377 0.131914 4.50802 0.898665 11939
4 1 60.8079 0.157933 4.57527 1.72639 9634
4 2 56.5615 0.157365 4.32498 1.02297 8629
4 3 56.1009 0.215656 4.10594 1.2718 4509
4 4 58.6472 0.226696 4.04505 1.24756 4690
4 5 56.2811 0.194874 4.04021 0.939928 5013
4 6 56.5954 0.163663 4.58165 1.42008 7582
4 7 53.6481 0.277049 3.80073 0.994764 2966
4 8 57.1424 0.194252 4.30394 1.82347 5351
4 9 55.4605 0.164586 4.42426 0.86688 7688
4 10 55.1729 0.161092 4.5046 1.20298 7331
4 11 61.4204 0.203812 4.45934 1.50906 5981
4 12 62.0531 0.223607 5.02214 1.03398 5174
4 13 57.5086 0.2477 4.2726 0.891803 4051
4 14 56.2349 0.143081 4.19607 1.38164 9700
4 15 62.2796 0.250212 6.71319 1.70018 4320
4 16 0 0 0 0 0
4 17 57.3186 0.190352 4.69591 1.05592 6080
4 18 61.8727 0.235699 5.28694 1.48602 5138
4 19 55.8784 0.337904 3.89733 0.832672 2375
4 20 57.4708 0.232089 4.95549 1.0615 3893
4 21 61.6281 0.16478 4.60757 0.787513 8420
4 22 56.7661 0.227808 4.81624 0.957501 4371
4 23 57.2744 0.22546 5.45009 1.03951 4889
4 24 56.0026 0.184721 3.89295 1.01343 6046
4 25 0 0 0 0 0
4 26 57.5147 0.147073 4.65416 0.983654 10115
4 27 56.7501 0.234144 4.65796 0.989602 3718
4 28 56.2172 0.236563 4.06349 1.62318 3413
4 29 57.8478 0.194657 4.22611 0.844901 5517
4 30 56.5506 0.244214 4.1024 1.27017 4274
4 31 63.2042 0.898038 6.19402 0.928762 2575
4 32 58.2247 0.298215 3.82839 1.20623 3268
4 33 57.8254 0.267038 4.59956 0.900457 3346
4 34 58.3978 0.153784 4.81634 1.23333 9223
4 35 55.8246 0.344153 3.56828 1.18065 2309
4 36 57.8696 0.255969 4.16387 1.01223 3585
4 37 0 0 0 0 0
4 38 55.6879 0.307571 5.1882 1.12386 2443
4 39 57.7851 0.205508 4.72838 0.996382 5242
4 40 0 0 0 0 0
4 41 58.1488 0.247698 3.98197 1.58948 3746
4 42 58.471 0.238984 5.43238 1.02403 4401
4 43 58.6469 0.225401 3.98461 1.5082 5852
4 44 57.6321 0.215174 4.65689 1.09726 4196
4 45 56.4388 0.232144 4.86526 1.1805 3929
4 46 56.4446 0.153558 4.21966 0.946648 8539
4 47 56.9228 0.282275 4.46342 0.965099 2981
4 48 58.0972 0.213225 4.56642 1.1999 4447
4 49 60.8939 0.204895 4.70036 1.03499 5075
4 50 58.2552 0.21207 4.74124 1.25551 4617
4 51 57.3905 0.172542 4.38334 1.25135 6526
4 52 57.9476 0.181777 4.49418 0.886004 5917
4 53 61.8068 0.232743 4.8808 1.61752 4738
4 54 58.4034 0.207762 5.26133 1.03803 5048
4 55 58.1148 0.185145 5.08632 0.648671 6413
4 56 56.9797 0.188087 4.44417 1.20237 5638
4 57 58.046 0.186708 4.59591 0.81407 5977
4 58 58.1015 0.207706 4.51069 0.978684 4834
4 59 61.7528 0.160582 4.60218 1.00287 10157
4 60 56.1962 0.208191 3.71453 1.12181 4704
4 61 57.0832 0.1374 4.55952 1.44496 9814
4 62 56.7894 0.137257 4.46623 1.08816 10478
4 63 58.5751 0.205462 4.38115 1.30791 5773
5 0 64.5167 0.206276 5.04861 1.35069 6529
5 1 63.8679 0.199157 5.1363 0.777157 6029
5 2 62.3703 0.214091 4.33401 0.979801 6050
5 3 86.5248 0.957684 2.00288 2.62732 9715
5 4 63.7551 0.238284 5.5798 1.00888 4591
5 5 63.7505 0.222765 5.10978 0.97398 5152
5 6 65.1343 0.213975 5.88962 1.28167 6018
5 7 62.0049 0.147594 4.91327 0.903171 10856
5 8 63.3061 0.215279 4.51474 0.951864 5713
5 9 63.9322 0.216 4.4899 0.859255 5937
5 10 65.281 0.191466 4.88329 1.4522 7593
5 11 63.6843 0.221067 4.82424 1.02043 4939
5 12 64.3012 0.21156 5.59039 1.16289 5484
5 13 63.7193 0.206704 4.83322 1.02745 6788
5 14 65.0482 0.181936 4.85487 0.802672 6735
5 15 63.151 0.224314 5.45118 0.854985 4910
5 16 62.1092 0.154478 4.64494 0.976852 10051
5 17 64.781 0.218855 4.9128 1.09274 5004
5 18 63.7481 0.230505 4.78101 1.14517 4539
5 19 61.9976 0.167213 4.31774 1.03502 9775
5 20 63.8619 0.265495 4.70207 0.788817 3900
5 21 64.2468 0.215816 5.84923 1.03681 5741
5 22 63.3095 0.179439 5.09542 0.713663 7505
5 23 63.3473 0.242015 5.6121 1.03156 4239
5 24 63.1878 0.208807 5.24433 0.999346 5678
5 25 0 0 0 0 0
5 26 64.0765 0.22519 4.81434 0.962292 5722
5 27 63.7328 0.247041 4.69381 1.08882 4004
5 28 63.6635 0.208219 5.5249 0.953595 5697
5 29 63.6949 0.241565 5.23646 1.118 4191
5 30 69.3789 0.2777 5.60586 1.16503 3956
5 31 62.7895 0.165693 4.89134 1.2501 8780
5 32 63.5458 0.187701 4.95417 1.33278 6310
5 33 63.5303 0.235434 4.86882 1.29647 4623
5 34 68.656 0.22651 5.099 1.51079 5371
5 35 61.0797 0.148615 4.90196 1.50454 10878
5 36 63.6455 0.241464 4.61715 1.02124 4324
5 37 0 0 0 0 0
5 38 62.1612 0.153651 4.50466 0.835697 10030
5 39 63.6661 0.168612 4.69092 0.943814 9032
5 40 64.1003 0.254113 4.54106 0.824812 4336
5 41 63.4227 0.181241 5.37007 1.09591 6992
5 42 63.7284 0.22843 5.13745 0.936853 4906
5 43 63.6436 0.229082 5.17162 1.02851 4933
5 44 65.6399 0.187907 4.809 0.712651 7363
5 45 64.6405 0.209703 4.87087 1.12836 5099
5 46 63.495 0.213928 5.30355 1.1496 5747
5 47 62.3581 0.141895 4.26116 1.32413 12863
5 48 64.5037 0.211726 5.21501 1.00159 5178
5 49 64.9099 0.211782 5.10452 1.15882 5492
5 50 63.7709 0.217366 5.58939 0.948781 5433
5 51 61.9819 0.15557 4.80915 1.5287 9625
5 52 63.2925 0.204076 4.96153 1.05305 5743
5 53 63.5272 0.158384 4.75381 0.881917 10654
5 54 65.0187 0.232633 7.10723 1.5865 5394
5 55 63.3703 0.207498 4.9679 0.950995 5787
5 56 62.3113 0.180631 4.43407 1.06859 8899
5 57 62.098 0.153943 5.02768 0.994392 9852
5 58 63.6177 0.219923 4.88354 1.09938 5328
5 59 63.7272 0.198945 4.98202 0.887185 6567
5 60 62.3802 0.162087 5.17173 1.06872 8932
5 61 61.7998 0.162376 4.95915 1.30328 9614
5 62 62.9326 0.195125 4.7461 1.07592 6782
5 63 62.4665 0.208495 5.21273 0.947698 5852
6 0 58.446 0.136587 4.38426 1.17332 10880
6 1 57.3085 0.162091 4.56905 0.899067 8296
6 2 58.8574 0.154785 4.91298 0.915352 8102
6 3 36.5402 1.45536 5.75292 0.858188 532
6 4 62.5217 0.236374 5.03055 0.779358 4152
6 5 58.9227 0.217789 5.30099 1.19302 4771
6 6 58.4328 0.178082 6.4462 3.29771 7238
6 7 57.465 0.272338 4.75282 1.07869 2742
6 8 58.9779 0.198971 4.52845 1.17226 5357
6 9 58.9748 0.176786 4.68777 1.38518 6460
6 10 58.8371 0.176903 4.15047 0.921572 6399
6 11 62.4963 0.215464 4.51046 1.20133 4825
6 12 58.1669 0.192158 4.56487 0.715076 4997
6 13 63.0099 0.257463 5.21679 1.12667 3786
6 14 58.4067 0.146098 4.33207 1.20745 10408
6 15 58.3313 0.238923 4.93231 1.09177 3983
6 16 58.5725 0.246702 4.37841 0.848714 3760
6 17 62.3734 0.221992 4.42692 1.00139 5455
6 18 59.0362 0.224996 4.24782 0.870745 4358
6 19 62.7432 0.310294 5.01783 1.20451 2249
6 20 62.207 0.243522 5.44371 0.853342 3849
6 21 62.8245 0.175026 5.19782 0.79983 7218
6 22 63.0036 0.222078 4.87087 0.630533 4468
6 23 58.6686 0.223761 4.65562 0.906497 4097
6 24 63.0479 0.207752 5.20185 1.29776 6193
6 25 63.6526 0.384314 5.80689 0.590307 2008
6 26 58.7037 0.151443 4.8248 0.955585 9203
6 27 59.6443 0.260959 5.44663 1.52393 3297
6 28 58.917 0.287458 3.97928 1.0485 3168
6 29 57.895 0.204941 4.48933 1.12735 4823
6 30 59.5715 0.237423 4.70489 1.16127 3715
6 31 62.4518 0.385853 3.93787 0.944077 2008
6 32 62.6292 0.324424 4.51234 1.08828 3034
6 33 64.1711 0.295189 5.43861 0.589486 3085
6 34 58.4135 0.156577 4.58021 1.1425 8320
6 35 63.1355 0.347142 4.77387 1.06655 2193
6 36 59.4492 0.256147 4.79629 0.867609 3638
6 37 0 0 0 0 0
6 38 58.715 0.346282 4.87777 0.884775 1702
6 39 59.4331 0.313349 5.45863 1.08944 2408
6 40 64.0893 0.254391 5.4094 1.15078 3821
6 41 59.8174 0.233969 4.48753 0.743215 3794
6 42 59.5855 0.238844 4.6403 1.03325 4294
6 43 0 0 0 0 0
6 44 59.8819 0.27086 5.27396 1.24384 2937
6 45 64.2888 0.261872 5.51013 1.11956 3762
6 46 59.2128 0.157555 4.59685 1.25062 9073
6 47 64.3533 0.447835 5.13445 1.03925 1423
6 48 62.7634 0.221428 5.19943 1.12336 4400
6 49 59.5629 0.186685 4.22846 1.14879 5457
6 50 59.6528 0.271819 4.91378 1.03267 3191
6 51 58.4373 0.257904 4.48986 1.35773 3229
6 52 58.4385 0.181172 4.18227 1.19053 6042
6 53 62.4714 0.361601 5.73797 1.25399 2144
6 54 59.8097 0.249465 5.1045 1.23376 3609
6 55 62.736 0.211264 4.78808 0.808819 4983
6 56 62.754 0.3942 4.39799 1.36972 2457
6 57 57.5912 0.270837 4.23419 0.640199 2876
6 58 63.2405 0.25726 4.76933 0.989581 3607
6 59 59.0237 0.154277 4.33347 1.09998 9890
6 60 58.7939 0.322119 4.75398 0.859249 2108
6 61 58.4 0.218285 5.14166 1.18051 4932
6 62 57.7904 0.155535 4.61755 0.987326 8316
6 63 63.6657 0.253746 4.50046 0.687121 4351
7 0 58.071 0.233894 4.96872 0.988681 4103
7 1 59.3143 0.258205 5.1958 0.903409 3450
7 2 59.4388 0.2717 5.01734 1.02873 3429
7 3 0 0 0 0 0
7 4 58.6229 0.206867 4.54342 0.962147 5454
7 5 58.9337 0.233506 4.92297 0.735924 4628
7 6 58.3187 0.259393 4.93487 1.59213 3179
7 7 61.7838 0.160153 5.17799 1.12382 9835
7 8 59.7187 0.203951 4.63695 0.809438 5206
7 9 0 0 0 0 0
7 10 0 0 0 0 0
7 11 59.1315 0.193684 5.02407 1.03486 6208
7 12 58.2715 0.19911 4.79463 0.84392 5158
7 13 58.8047 0.164533 4.93906 1.07765 8489
7 14 57.2849 0.201308 4.24473 0.893279 5744
7 15 59.0879 0.18978 4.45132 1.08577 6109
7 16 57.6205 0.197469 4.2699 1.09452 6333
7 17 58.791 0.188864 4.91144 0.655047 6071
7 18 58.9162 0.195363 4.90485 0.960498 6121
7 19 57.4642 0.136919 4.47145 0.95003 12414
7 20 58.4971 0.214692 6.35054 1.87642 4898
7 21 62.7576 0.276333 4.63704 1.08261 3711
7 22 58.9775 0.184463 4.98211 1.08224 6910
7 23 0 0 0 0 0
7 24 58.4941 0.204276 4.53935 1.34834 5043
7 25 0 0 0 0 0
7 26 62.7936 0.193344 4.87551 1.26792 7023
7 27 59.6527 0.210435 5.13609 0.78339 5133
7 28 58.7884 0.171171 4.8625 1.19481 6971
7 29 59.4504 0.218648 4.32091 1.05545 5178
7 30 60.5073 0.220932 5.43552 1.14041 5117
7 31 58.8035 0.152874 4.69489 1.22622 9184
7 32 60.3959 0.194156 4.85976 1.29811 6623
7 33 60.6692 0.22446 5.09549 0.806401 4853
7 34 59.103 0.188285 5.36132 0.7175 6380
7 35 63.2332 0.164612 4.84604 0.832303 10347
7 36 60.3458 0.224604 5.52627 1.12331 4870
7 37 0 0 0 0 0
7 38 58.4072 0.142139 4.61967 1.4011 11279
7 39 0 0 0 0 0
7 40 0 0 0 0 0
7 41 59.5717 0.17947 5.00059 1.06817 7166
7 42 59.9225 0.196888 4.82285 1.03796 5695
7 43 0 0 0 0 0
7 44 59.2831 0.165804 4.82792 0.715129 7983
7 45 59.8653 0.204772 4.41672 1.14841 5622
7 46 64.3642 0.197811 6.87586 2.12917 6613
7 47 57.8749 0.133197 4.21762 0.688662 11320
7 48 60.327 0.216065 5.61331 1.1281 5322
7 49 0 0 0 0 0
7 50 60.1855 0.189636 5.08898 1.28171 6288
7 51 59.5743 0.147802 4.49905 1.4775 9769
7 52 60.7314 0.183799 4.97842 0.776571 6706
7 53 59.0258 0.139997 4.36437 1.15275 10895
7 54 61.0165 0.19251 5.01167 1.1113 6385
7 55 59.9391 0.167176 4.43563 1.07518 7540
7 56 64.3496 0.167664 4.76799 1.02265 9417
7 57 60.2281 0.152413 5.17575 1.3355 9808
7 58 60.8055 0.18593 4.6455 0.841832 6508
7 59 59.6965 0.18258 6.51637 2.28584 7291
7 60 59.3471 0.151483 4.60654 0.597366 9548
7 61 60.6096 0.142405 4.75007 0.841548 10647
7 62 59.4117 0.15712 4.62649 0.890552 8442
7 63 60.1246 0.175974 5.07754 1.14852 7410
8 0 61.8585 0.182581 4.78872 0.754975 7496
8 1 57.8252 0.176488 4.3323 1.01456 6156
8 2 62.1796 0.194242 4.87284 1.08808 5829
8 3 61.4305 0.195461 4.86913 0.784193 5354
8 4 61.0715 0.241473 4.66475 1.12176 4273
8 5 0 0 0 0 0
8 6 65.6946 0.228546 5.60965 1.06739 5194
8 7 61.4115 0.180319 4.86915 1.14872 6987
8 8 65.6796 0.206282 4.95747 1.1024 5655
8 9 60.4732 0.20688 5.21915 1.08791 5600
8 10 60.4947 0.18164 4.49308 1.1735 6992
8 11 62.628 0.224115 5.26829 1.47289 4757
8 12 63.7398 0.217218 4.77447 1.03836 5124
8 13 66.167 0.204211 4.95495 1.06741 5678
8 14 59.8174 0.174489 4.69847 1.113 7011
8 15 61.8321 0.217196 5.14121 1.35951 4542
8 16 61.568 0.178949 4.90455 1.22272 7449
8 17 67.0153 0.239596 4.84413 0.972231 5265
8 18 64.5113 0.247991 5.42847 0.968509 4234
8 19 63.2492 0.197929 4.90315 0.982397 5605
8 20 61.4609 0.256521 4.39583 1.66106 4104
8 21 59.0848 0.196648 4.588 1.3708 5386
8 22 64.2566 0.188993 5.28607 0.93784 6644
8 23 59.9692 0.221948 4.75444 1.1275 4649
8 24 63.2202 0.196419 5.14608 0.81299 5893
8 25 66.6926 0.239865 4.61176 0.890708 5530
8 26 66.693 0.2045 5.20859 1.21678 5967
8 27 67.1276 0.252761 5.87421 1.01202 4432
8 28 62.2563 0.215904 4.56495 0.94039 5207
8 29 63.8223 0.212467 4.87603 1.4279 5353
8 30 67.2904 0.257482 5.30304 1.12022 4138
8 31 62.4408 0.193067 4.83175 1.1739 6774
8 32 62.4846 0.178874 4.8994 1.12974 6563
8 33 63.9718 0.215637 4.69313 0.878317 5401
8 34 62.2249 0.187899 4.59038 0.903007 6078
8 35 63.3135 0.200497 4.87512 0.86465 6365
8 36 68.4413 0.0732864 0.354809 6.50844 5050
8 37 0 0 0 0 0
8 38 60.7935 0.190573 5.4864 0.842699 6742
8 39 61.0964 0.160104 4.43929 0.797665 8981
8 40 60.4955 0.206492 4.81954 1.13372 4900
8 41 61.2744 0.191061 4.78232 1.18499 6112
8 42 61.0598 0.224378 4.7511 0.968213 4609
8 43 61.5145 0.190583 5.195 1.00641 6374
8 44 61.7607 0.182882 5.10082 0.820798 6563
8 45 60.926 0.221284 4.78622 1.0067 4993
8 46 59.469 0.166008 4.42111 0.652171 7563
8 47 60.6171 0.135338 4.34485 1.36355 12111
8 48 63.7475 0.226967 5.31897 1.04699 4721
8 49 60.4372 0.201592 4.61529 1.12564 5346
8 50 61.8411 0.196823 4.96729 1.04792 5970
8 51 59.4791 0.13681 4.92236 1.46404 11644
8 52 59.5947 0.194792 5.26466 0.876766 5823
8 53 67.0785 0.140876 4.58508 0.84091 12185
8 54 61.1294 0.219503 4.34381 1.1607 5286
8 55 60.3341 0.170971 5.23874 0.743844 7342
8 56 62.7096 0.161428 5.20392 1.39921 8792
8 57 59.3446 0.140649 4.73146 1.28813 10339
8 58 60.9035 0.22093 4.57171 1.15361 5094
8 59 59.832 0.185125 4.30004 0.924698 6914
8 60 60.8232 0.153271 4.62613 0.901791 9304
8 61 58.6308 0.120714 4.71475 1.26862 13463
8 62 58.4577 0.163219 4.7923 0.820002 7638
8 63 59.8644 0.195988 4.35589 0.734314 6126
9 0 57.0936 0.103911 4.72675 1.03287 17879
9 1 55.8089 0.128535 4.78787 0.970952 12935
9 2 59.5701 0.144073 4.79234 1.76518 9754
9 3 0 0 0 0 0
9 4 55.0853 0.196117 4.72329 1.34316 5553
9 5 55.5725 0.199058 4.89179 0.82442 5710
9 6 57.7086 0.157407 5.24151 1.06203 9448
9 7 56.2166 0.175458 5.42014 1.23857 8146
9 8 56.4131 0.18137 4.95971 1.13969 6277
9 9 56.3821 0.143471 4.97226 1.28185 10420
9 10 54.5607 0.130018 4.67652 1.09364 12208
9 11 56.9567 0.205287 4.84161 0.965608 5641
9 12 62.2381 0.200037 5.28996 1.09783 6647
9 13 53.7297 0.144011 4.73975 1.03654 9483
9 14 54.9806 0.139748 4.48112 0.891361 10373
9 15 54.9044 0.173783 5.1661 0.550941 7369
9 16 50.9789 0.127303 4.38147 1.11072 11792
9 17 57.6471 0.171529 5.3017 1.51447 8355
9 18 54.581 0.185372 5.00419 0.692054 6140
9 19 52.6278 0.154303 4.8693 1.02288 9182
9 20 57.2253 0.198933 4.9931 1.22193 5941
9 21 53.605 0.13781 4.73628 1.14801 10037
9 22 61.6374 0.17214 5.48531 1.16301 9039
9 23 54.3705 0.187714 4.86804 0.757201 6353
9 24 56.7745 0.167395 5.05215 0.830244 8991
9 25 51.4552 0.142235 4.38661 0.842191 10233
9 26 54.1644 0.145679 4.84451 1.25602 10346
9 27 53.6402 0.166122 4.85539 0.860201 8051
9 28 52.0245 0.142791 4.68102 0.956422 10853
9 29 55.0681 0.163616 5.1602 1.17826 9012
9 30 53.5039 0.181383 4.93426 0.973816 6699
9 31 54.4758 0.189474 5.06366 1.04722 6655
9 32 53.0864 0.17222 5.13108 0.716854 6951
9 33 58.6767 0.206516 4.4225 0.713537 6306
9 34 53.6682 0.134332 4.81911 0.821185 11466
9 35 54.6886 0.295205 5.15225 0.711486 2787
9 36 54.0589 0.197661 5.12744 1.22998 5681
9 37 0 0 0 0 0
9 38 0 0 0 0 0
9 39 61.168 0.200218 5.04922 1.26306 6515
9 40 52.4383 0.205107 5.0171 1.03979 5027
9 41 0 0 0 0 0
9 42 0 0 0 0 0
9 43 0 0 0 0 0
9 44 0 0 0 0 0
9 45 0 0 0 0 0
9 46 0 0 0 0 0
9 47 0 0 0 0 0
9 48 0 0 0 0 0
9 49 0 0 0 0 0
9 50 0 0 0 0 0
9 51 0 0 0 0 0
9 52 0 0 0 0 0
9 53 0 0 0 0 0
9 54 54.8882 0.179795 5.21087 1.14721 6409
9 55 57.7908 0.152433 4.8883 0.814365 9582
9 56 55.7509 0.166478 4.99018 1.11132 7197
9 57 54.5801 0.163711 4.73081 1.09652 7378
9 58 57.3706 0.165947 4.55319 0.940369 6972
9 59 57.0485 0.155974 4.59422 0.808158 9200
9 60 56.9886 0.272978 4.69661 1.29173 2966
9 61 55.4165 0.134614 4.55575 1.09218 11806
9 62 60.5729 0.138496 4.87449 1.4908 11697
9 63 55.8051 0.178588 4.69186 1.4328 6883
10 0 56.7455 0.136006 4.44908 1.19103 10724
10 1 58.2236 0.154124 4.72898 1.23689 8810
10 2 58.8241 0.166643 4.89407 0.939724 7575
10 3 64.2939 0.216456 5.08216 1.31689 5934
10 4 64.3174 0.242092 5.75264 0.811008 4357
10 5 58.4306 0.19772 4.26406 1.51455 5326
10 6 57.9973 0.180527 4.82761 0.967775 6508
10 7 58.3097 0.171935 4.28456 1.10412 7460
10 8 57.9403 0.180704 4.91299 1.20296 6236
10 9 58.5791 0.180774 4.84305 1.10911 7125
10 10 58.6171 0.153418 4.61471 0.889516 8890
10 11 59.3249 0.223432 4.83927 1.20687 4751
10 12 60.1674 0.194471 4.58376 0.821087 5308
10 13 60.9898 0.198123 4.41702 0.811534 5550
10 14 58.4784 0.157208 4.61214 1.39034 8145
10 15 59.4136 0.222398 4.77794 1.06474 4728
10 16 59.0544 0.154175 4.53202 1.13224 9177
10 17 61.302 0.215878 5.21421 1.0545 5127
10 18 59.2257 0.233139 5.04995 1.03783 4224
10 19 59.0396 0.202079 4.89204 1.01969 5670
10 20 58.2608 0.205046 4.81963 1.23753 4882
10 21 58.4666 0.178433 4.48904 0.71815 6759
10 22 59.2409 0.170878 4.60872 0.964654 7066
10 23 59.3848 0.199793 4.90042 1.19291 5176
10 24 65.0878 0.183878 5.03196 0.948967 7016
10 25 57.7856 0.180093 4.19003 0.769137 6767
10 26 59.1256 0.200017 4.67409 0.951915 5561
10 27 57.9228 0.1988 4.81387 0.930302 5152
10 28 59.7378 0.180783 4.86062 1.30048 6458
10 29 59.526 0.222376 4.11116 0.871232 5134
10 30 62.5027 0.236028 4.6018 1.24262 5198
10 31 59.1302 0.177541 4.58885 0.839057 6349
10 32 61.9628 0.193101 4.58729 0.792407 6066
10 33 65.7182 0.243056 4.96069 0.710695 4994
10 34 61.3262 0.194378 5.1803 0.805439 5877
10 35 58.3832 0.190671 4.63635 0.885935 5565
10 36 58.8235 0.221258 4.55307 1.12016 4674
10 37 0 0 0 0 0
10 38 59.4924 0.177264 4.1759 1.09859 7885
10 39 58.265 0.175895 4.74207 0.958841 7033
10 40 59.3108 0.235603 4.83759 0.79384 4471
10 41 59.3821 0.198594 4.94121 1.02981 5474
10 42 59.802 0.248044 4.43055 0.911647 4059
10 43 58.3812 0.203091 4.05575 1.16163 4539
10 44 59.4274 0.171659 4.35696 0.69809 7495
10 45 59.1485 0.204298 4.39652 1.01604 4820
10 46 58.1844 0.200994 4.88394 0.86983 5402
10 47 58.6568 0.1464 4.61365 1.02872 9593
10 48 59.8087 0.2407 4.05132 1.29299 4172
10 49 60.0327 0.209266 4.43483 1.20596 4727
10 50 59.1188 0.196952 4.85611 1.1521 5861
10 51 58.5197 0.159153 4.5269 0.859043 8859
10 52 58.726 0.218135 4.73008 1.29326 5103
10 53 58.018 0.155498 4.14532 1.1258 9440
10 54 61.076 0.218176 4.70328 1.26539 5526
10 55 59.1881 0.176036 4.34101 1.01225 7206
10 56 58.1596 0.183273 4.27688 1.74245 6823
10 57 57.9417 0.167052 4.1834 0.927438 7643
10 58 59.1371 0.20208 4.92158 0.897777 5397
10 59 57.0989 0.196159 4.99257 0.625121 5319
10 60 57.7349 0.167963 4.2571 0.935912 7432
10 61 56.7811 0.144209 4.75539 1.51101 10541
10 62 56.713 0.166333 4.6085 0.674849 8066
10 63 57.4567 0.189717 4.44265 0.958127 6260
11 0 58.1695 0.128625 4.76877 0.759564 12308
11 1 58.4609 0.144054 4.11929 1.31536 9872
11 2 58.3733 0.181371 4.69889 0.835624 7305
11 3 60.3152 0.189956 4.93477 0.886098 6360
11 4 57.3563 0.222119 4.1904 1.16147 4231
11 5 60.5774 0.197329 4.73276 1.12637 5625
11 6 59.8544 0.183218 4.68558 0.893395 7030
11 7 55.8146 0.173915 3.99227 1.04317 7027
11 8 60.2219 0.209868 4.77258 1.27028 5920
11 9 57.8129 0.160339 4.49006 0.94444 7615
11 10 54.7861 0.144396 4.45351 1.63622 9258
11 11 57.9724 0.215868 4.58309 0.930045 4661
11 12 57.4173 0.187212 4.53253 1.12784 5909
11 13 57.1682 0.207629 4.5386 1.11399 4991
11 14 57.5077 0.150308 4.81773 0.993794 9724
11 15 57.1355 0.199533 4.89114 1.04114 5013
11 16 0 0 0 0 0
11 17 64.2695 0.207941 5.16055 1.36082 5550
11 18 58.4971 0.215833 5.20721 0.903262 4812
11 19 54.4276 0.191738 4.26763 0.707181 4893
11 20 57.0539 0.208006 4.63793 0.610079 4730
11 21 56.2064 0.164486 4.47892 1.00096 7359
11 22 57.5136 0.166394 4.671 1.25218 7306
11 23 1.78072e-07 6.78363 100 33.8956 9107
11 24 57.8947 0.166055 4.91193 1.07555 7457
11 25 58.7459 0.20683 4.22104 0.902167 5223
11 26 57.7783 0.187166 4.61732 1.13858 6301
11 27 57.8157 0.211153 4.45579 1.09107 4515
11 28 60.7574 0.190061 4.66212 0.959862 5517
11 29 59.4419 0.189759 4.64777 1.37809 5563
11 30 60.2126 0.204533 4.004 1.45522 5127
11 31 57.4159 0.199229 4.31658 0.739571 5626
11 32 58.5919 0.189379 4.38759 1.28853 5874
11 33 57.3101 0.197236 4.47296 1.0459 5243
11 34 58.4364 0.189941 4.57927 1.19869 6401
11 35 56.3957 0.200478 4.60014 0.986536 4850
11 36 61.017 0.199199 4.86415 1.21869 5429
11 37 0 0 0 0 0
11 38 58.6575 0.180591 4.2928 0.897166 6406
11 39 63.2435 0.188532 5.40499 1.04863 6961
11 40 0 0 0 0 0
11 41 56.0403 0.195361 4.40472 0.986625 5135
11 42 61.4072 0.241201 5.27096 1.53696 3974
11 43 121.265 4.23256 19.7399 1.85688 9125
11 44 58.88 0.175856 4.64964 1.66934 6598
11 45 56.9945 0.219671 4.6704 1.05674 4842
11 46 58.2379 0.182365 4.41245 1.32387 6946
11 47 54.7366 0.166006 3.87777 1.17918 7949
11 48 60.2318 0.232882 4.34566 1.12629 4622
11 49 6.12512e-09 9.35723 100 35.3452 8923
11 50 56.7644 0.193353 4.09271 0.972225 5396
11 51 55.973 0.150854 4.32212 0.920716 9714
11 52 57.2728 0.189342 4.57107 0.936413 5451
11 53 58.9008 0.16519 4.78335 1.21632 8291
11 54 56.9935 0.192541 4.85212 0.796122 5698
11 55 57.2691 0.154586 4.46814 1.23173 7968
11 56 65.1152 0.205955 7.05747 2.10361 6606
11 57 55.899 0.180278 4.21603 1.17308 6445
11 58 57.2405 0.19059 4.67513 1.04571 5417
11 59 57.591 0.176289 4.52695 1.21776 6441
11 60 59.5878 0.170355 4.54198 1.47195 7190
11 61 60.4455 0.135987 4.70055 1.3884 12243
11 62 56.6341 0.152954 4.02751 1.00719 9191
11 63 56.9672 0.182229 4.39761 1.24473 5464
12 0 60.423 0.13214 4.83612 1.05431 12705
12 1 60.1038 0.142038 4.66322 1.19987 11119
12 2 62.1287 0.149486 4.84978 1.40795 10392
12 3 65.0103 0.199634 5.48515 0.860905 6566
12 4 63.1966 0.212026 5.58789 0.984265 5771
12 5 62.8761 0.207597 4.53379 0.71937 5855
12 6 63.5987 0.16306 5.06784 1.21319 9412
12 7 64.3025 0.182737 4.77606 1.10542 7637
12 8 62.3836 0.209951 4.87123 1.25496 5849
12 9 62.0845 0.148041 4.84657 0.720166 9958
12 10 60.9518 0.140474 5.134 1.02463 11900
12 11 61.4829 0.220006 4.37364 0.745386 5221
12 12 63.0171 0.222165 4.63003 1.30009 6070
12 13 67.7033 0.195134 5.43385 1.19118 7453
12 14 66.8769 0.220162 4.91451 1.39615 5715
12 15 62.4173 0.193161 5.10835 1.10054 6030
12 16 62.3598 0.150663 4.42977 1.70764 12409
12 17 61.4537 0.283098 5.17218 1.2327 2938
12 18 62.6684 0.191997 4.79516 1.29598 6247
12 19 60.6728 0.176019 4.80728 1.46861 7597
12 20 62.0814 0.214851 5.45039 0.937235 5380
12 21 60.6464 0.159479 5.11723 0.645594 9357
12 22 63.5215 0.187322 4.70422 1.19125 7323
12 23 63.7522 0.232857 4.79402 1.14736 4818
12 24 60.8303 0.213442 6.62519 2.09556 5401
12 25 62.631 0.19767 4.99464 1.21221 6589
12 26 62.2094 0.341939 4.94731 0.920596 2352
12 27 64.9092 0.212071 4.98673 1.1873 5678
12 28 62.3647 0.20132 4.83097 0.884455 6382
12 29 63.9228 0.303846 5.51775 1.1508 2747
12 30 0 0 0 0 0
12 31 60.8053 0.197623 4.68971 1.14513 5952
12 32 62.0597 0.203433 4.95512 1.05386 5622
12 33 62.7523 0.228134 4.97127 1.04603 4734
12 34 65.3809 0.346089 5.57266 1.37986 2345
12 35 60.8739 0.176768 4.89049 0.78369 7019
12 36 64.4264 0.23449 5.18306 1.01218 4781
12 37 0 0 0 0 0
12 38 60.9349 0.170263 4.54809 1.37882 8019
12 39 63.2746 0.1953 4.96437 1.11617 6262
12 40 0 0 0 0 0
12 41 61.8753 0.19578 4.82749 0.996561 6422
12 42 63.6135 0.228501 5.73271 1.1935 5197
12 43 67.1997 0.312591 4.95074 1.35525 3532
12 44 67.2509 0.190853 5.63124 0.881965 7881
12 45 67.176 0.229078 5.49677 1.23136 5459
12 46 67.6839 0.286301 5.04435 0.985971 3424
12 47 61.5222 0.168461 4.87033 1.06309 7833
12 48 67.8705 0.0265248 0.268764 4.04826 5267
12 49 69.7728 0.0595364 0.386529 5.58552 5620
12 50 62.6959 0.193894 4.65801 1.04377 6122
12 51 62.5483 0.18851 4.64971 1.11809 6666
12 52 63.2381 0.19462 5.04468 1.19461 5962
12 53 63.4219 0.176767 4.87743 1.26633 7690
12 54 63.229 0.210887 4.76333 0.694895 5725
12 55 63.287 0.180656 4.66212 0.701946 7319
12 56 64.1416 0.199298 4.79526 0.917185 6295
12 57 62.791 0.184418 5.34903 0.863276 6746
12 58 62.8557 0.216658 4.29334 0.892364 5777
12 59 62.9055 0.191353 4.54748 1.38807 6905
12 60 62.7658 0.187163 5.26849 1.19966 6616
12 61 63.0968 0.175976 4.79895 1.02749 7328
12 62 62.0337 0.169529 4.7542 1.16896 8383
12 63 59.9343 0.193185 4.79883 1.17107 6359
13 0 60.8328 0.158755 4.70287 1.28093 8976
13 1 59.0884 0.163655 5.29706 0.851751 8401
13 2 63.7054 0.187713 5.25306 1.01753 7100
13 3 0 0 0 0 0
13 4 58.8294 0.198452 5.0693 0.969524 5575
13 5 63.4194 0.188113 5.22106 1.29591 6798
13 6 58.8629 0.175591 4.49753 0.971517 6923
13 7 58.3459 0.15114 4.63602 0.795618 9368
13 8 58.8366 0.186535 4.39665 1.33211 6645
13 9 0 0 0 0 0
13 10 56.8741 0.146164 4.89509 0.728526 9453
13 11 57.5363 0.194184 4.32373 0.885102 5783
13 12 0 0 0 0 0
13 13 57.7751 0.15926 4.76488 0.794033 7798
13 14 58.7025 0.15177 4.18081 0.927769 9970
13 15 0 0 0 0 0
13 16 62.6056 0.169858 5.10193 0.966351 9085
13 17 57.6048 0.179041 4.92764 1.0723 6731
13 18 57.953 0.175278 4.53542 1.07588 6346
13 19 58.73 0.17201 4.24082 1.08562 7795
13 20 58.5987 0.22871 4.38943 1.47789 4349
13 21 60.0746 0.168568 5.08184 1.20391 7901
13 22 0 0 0 0 0
13 23 60.0191 0.228017 5.21187 1.20155 4652
13 24 58.0909 0.164883 4.57699 1.42538 8407
13 25 64.3748 0.219831 4.94713 0.733289 5378
13 26 60.3282 0.170546 5.26828 0.791949 8241
13 27 64.7204 0.214038 5.15438 0.847085 5271
13 28 58.5539 0.20583 5.02155 0.923318 5475
13 29 59.7753 0.230768 4.35807 1.14655 4162
13 30 58.6178 0.243867 4.94633 1.06955 4814
13 31 63.2541 0.203667 5.22351 1.47568 5806
13 32 63.2021 0.199656 4.87291 0.94665 5965
13 33 58.9332 0.205605 4.81984 1.86792 5014
13 34 60.9403 0.251686 5.30902 0.942151 3978
13 35 56.2746 0.185392 4.21786 1.52645 6277
13 36 60.4054 0.210797 4.69311 1.17097 4998
13 37 0 0 0 0 0
13 38 58.6342 0.18439 4.29224 1.38251 6468
13 39 56.4178 0.140298 4.25317 1.18971 10332
13 40 58.2731 0.211341 4.50357 1.31169 4775
13 41 59.4266 0.180203 4.48163 1.35008 6604
13 42 58.192 0.208647 5.06288 1.1776 5074
13 43 60.2887 0.258567 4.93273 1.31631 3524
13 44 56.8798 0.183565 4.77581 0.780308 6588
13 45 57.6914 0.190673 4.47137 1.08105 5569
13 46 59.1169 0.280207 5.46649 1.46467 2846
13 47 53.76 0.141484 3.97457 1.08194 10009
13 48 58.8439 0.192564 4.6338 0.862977 5669
13 49 60.0648 0.205584 4.80737 1.45301 5139
13 50 57.881 0.192308 4.37842 1.01522 6090
13 51 0 0 0 0 0
13 52 58.3507 0.261706 4.53207 1.1791 3652
13 53 58.946 0.145033 4.74114 1.03686 10302
13 54 56.6585 0.189357 4.29219 0.690049 6115
13 55 57.5195 0.185539 4.83175 1.12389 6249
13 56 58.9717 0.152317 4.64086 0.871113 9806
13 57 59.2325 0.153958 4.68142 1.2392 10164
13 58 63.4896 0.199031 5.00122 0.824308 5971
13 59 57.3289 0.264409 4.73553 1.1717 2852
13 60 58.3737 0.148532 4.47326 1.08679 9316
13 61 56.394 0.113403 4.41123 0.829332 15727
13 62 56.8843 0.175853 4.80514 0.956433 6898
13 63 57.8206 0.208182 4.10076 1.05622 5928
14 0 63.5232 0.174486 4.37108 1.48639 8851
14 1 62.4934 0.170057 4.69584 1.23956 8363
14 2 63.2434 0.172379 4.58159 1.09106 8095
14 3 56.9221 0.338281 1.26975 2.39534 10908
14 4 63.1515 0.225208 4.92834 1.06709 4500
14 5 62.9451 0.218933 4.77647 1.06884 4882
14 6 62.5223 0.181434 5.09932 1.08575 7243
14 7 65.6574 0.185167 5.26138 0.699196 7338
14 8 62.5768 0.210603 5.07425 0.995544 5394
14 9 62.652 0.177014 5.04248 1.08612 7697
14 10 62.4525 0.156607 4.89325 1.33861 8948
14 11 62.0524 0.216183 4.67617 1.21402 4838
14 12 62.3082 0.205647 4.84345 0.812337 5239
14 13 63.7457 0.198168 4.70791 0.814349 6266
14 14 62.7358 0.189036 4.70398 0.965767 6192
14 15 63.8183 0.229786 4.44466 1.33123 4844
14 16 61.8065 0.164058 4.9838 0.816919 8909
14 17 63.0117 0.225252 4.97409 0.84162 4707
14 18 62.6136 0.217473 4.98797 1.39902 4511
14 19 61.7564 0.1867 4.79701 1.45063 6597
14 20 62.0674 0.258787 6.78239 1.69821 3821
14 21 63.0222 0.173439 5.08831 1.22136 7871
14 22 62.2759 0.170895 4.6128 0.969907 6956
14 23 63.2183 0.233931 5.30176 1.16791 4127
14 24 63.9475 0.231161 4.09085 1.34352 5635
14 25 62.1287 0.213254 5.1998 0.656319 5418
14 26 63.1426 0.210846 4.80579 1.13557 5667
14 27 63.5409 0.231011 4.89666 1.03785 4374
14 28 64.1462 0.218566 4.79465 0.827896 5284
14 29 66.0138 0.240383 4.86869 0.831032 4505
14 30 62.9196 0.243505 4.99516 1.27144 3938
14 31 67.4941 0.225472 4.68748 1.63854 5484
14 32 63.5881 0.218281 4.9852 0.631279 5217
14 33 63.4058 0.23859 4.57954 0.766434 4106
14 34 63.5987 0.22664 4.3176 0.824923 4956
14 35 61.9879 0.180186 4.66111 1.04139 6857
14 36 63.3849 0.256978 5.04491 0.664745 3891
14 37 0 0 0 0 0
14 38 66.313 0.21573 5.16169 1.22946 5674
14 39 62.0759 0.300061 4.56234 0.940959 2672
14 40 63.2292 0.257074 5.68779 1.06107 3730
14 41 62.7843 0.185658 5.07238 0.976375 6584
14 42 62.1703 0.2197 4.89253 1.04873 4641
14 43 66.6181 0.232744 5.36586 0.96804 5122
14 44 62.6611 0.210998 4.8386 0.861747 5469
14 45 62.6306 0.210157 4.40871 1.33028 4971
14 46 66.8561 0.228157 4.5477 0.99234 5625
14 47 61.602 0.277611 4.6517 1.05033 3497
14 48 63.6944 0.218032 4.9734 0.889887 4860
14 49 63.1809 0.205878 4.86357 1.27616 5430
14 50 66.4226 0.254137 5.18724 1.62849 4208
14 51 66.2248 0.290071 5.57683 1.09309 3500
14 52 63.3587 0.191516 5.06502 1.22383 6275
14 53 61.8169 0.257981 4.84534 0.76623 3574
14 54 66.8944 0.268154 5.33941 1.15542 3928
14 55 63.0151 0.22945 4.85934 0.956834 4967
14 56 62.4829 0.316282 5.09756 1.31172 2720
14 57 62.4624 0.282661 5.26047 1.15958 2875
14 58 63.0908 0.255723 4.48073 1.20064 3834
14 59 65.7096 0.198032 4.6994 1.04941 7343
14 60 63.0373 0.313387 5.44187 0.76113 2770
14 61 65.5013 0.257472 5.59521 0.921547 3915
14 62 66.4806 0.207898 5.3152 0.907702 6299
14 63 65.98 0.253892 4.80131 0.98129 4543
15 0 64.483 0.226394 5.6123 0.789793 4959
15 1 64.4249 0.259922 4.47874 1.12327 3842
15 2 64.98 0.302898 4.42384 0.908839 3046
15 3 0 0 0 0 0
15 4 60.1583 0.223381 5.158 1.0851 4734
15 5 60.579 0.236838 5.37859 1.14255 4035
15 6 63.5125 0.295118 5.33743 0.973096 2913
15 7 59.4332 0.197101 4.98498 1.3228 5654
15 8 60.4513 0.238086 5.04432 1.25487 4159
15 9 0 0 0 0 0
15 10 0 0 0 0 0
15 11 64.5436 0.212869 4.97812 0.899335 5138
15 12 60.148 0.235265 5.28432 1.16842 4433
15 13 59.9363 0.181038 4.87774 1.43332 6963
15 14 59.5253 0.176619 4.41393 1.13584 7514
15 15 60.4588 0.199082 5.12323 1.04616 5661
15 16 60.2748 0.239008 4.96951 1.32395 3636
15 17 60.7021 0.181369 4.80784 1.23295 6867
15 18 60.9163 0.202183 4.72983 1.05625 5393
15 19 64.648 0.193403 5.1885 1.39047 6766
15 20 61.4068 0.25718 6.79617 1.61695 3990
15 21 61.6553 0.280617 4.58308 1.10168 3210
15 22 65.6869 0.216053 5.56437 0.878334 5633
15 23 61.869 0.240511 4.80304 0.934959 4313
15 24 63.8979 0.206667 5.07348 0.834888 6095
15 25 65.4144 0.22548 5.14287 0.699774 5141
15 26 65.4117 0.169567 4.96666 1.03228 9189
15 27 63.8824 0.0618901 0.330289 3.6044 4693
15 28 61.2031 0.208875 4.48745 0.985448 5272
15 29 65.6035 0.221656 5.04964 0.916471 5325
15 30 61.7967 0.225947 4.77308 0.86672 4435
15 31 60.3746 0.214598 4.71835 1.29201 4897
15 32 60.2152 0.217416 4.52623 0.756849 4866
15 33 66.1033 0.252231 6.15179 0.960359 4451
15 34 64.1757 0.209853 4.69524 0.739616 6698
15 35 60.6287 0.21016 4.42793 0.798752 5631
15 36 60.7026 0.219773 4.98131 1.88162 4297
15 37 0 0 0 0 0
15 38 59.5693 0.183964 4.7533 1.17063 6284
15 39 60.4025 0.158948 4.89512 0.870278 8836
15 40 64.6267 0.256042 5.1026 1.27456 4105
15 41 58.9888 0.188677 4.80627 1.12131 5769
15 42 60.4443 0.224246 5.04862 0.926079 4753
15 43 61.1255 0.221449 5.22259 0.932889 5018
15 44 60.122 0.181871 4.81141 1.2001 6501
15 45 59.7385 0.197856 4.30529 1.07968 4825
15 46 60.6772 0.203302 5.10532 1.37759 5602
15 47 58.6634 0.15165 4.6847 1.17384 9070
15 48 61.4889 0.214006 4.73568 1.17056 5340
15 49 61.004 0.212097 4.74231 1.02313 4871
15 50 60.3802 0.196538 4.56287 1.01373 5710
15 51 60.9295 0.165145 4.57729 0.923886 9006
15 52 60.2313 0.197097 4.76539 0.684618 5864
15 53 58.6787 0.14985 4.6648 1.255 9682
15 54 61.0155 0.187905 4.91292 1.06526 5878
15 55 60.8647 0.197555 4.5752 1.45095 6286
15 56 65.6375 0.171442 5.03322 1.03448 8628
15 57 60.7168 0.169605 6.8151 3.18254 8969
15 58 62.0056 0.212698 4.89197 0.980413 5473
15 59 62.3409 0.193183 5.11323 1.13294 6594
15 60 59.8192 0.155885 4.79125 1.2979 8743
15 61 60.6336 0.151637 4.89902 0.868567 9738
15 62 59.4066 0.173198 4.86713 0.984118 7225
15 63 60.4754 0.201652 5.22628 0.949595 5743
