#mip results dif_1_2_2
#chip channel mpv empv widthmpv chi2ndf nentries
0 0 0 0 0 0 0
0 1 0 0 0 0 0
0 2 0 0 0 0 0
0 3 0 0 0 0 0
0 4 0 0 0 0 0
0 5 0 0 0 0 0
0 6 0 0 0 0 0
0 7 0 0 0 0 0
0 8 0 0 0 0 0
0 9 0 0 0 0 0
0 10 0 0 0 0 0
0 11 0 0 0 0 0
0 12 0 0 0 0 0
0 13 0 0 0 0 0
0 14 0 0 0 0 0
0 15 0 0 0 0 0
0 16 0 0 0 0 0
0 17 0 0 0 0 0
0 18 0 0 0 0 0
0 19 0 0 0 0 0
0 20 62.1302 0.149777 5.33702 1.11733 11715
0 21 0 0 0 0 0
0 22 0 0 0 0 0
0 23 60.9099 0.144253 5.15628 1.24739 12787
0 24 0 0 0 0 0
0 25 58.9958 0.2079 4.8493 1.14299 5598
0 26 0 0 0 0 0
0 27 67.2059 0.171113 5.54901 1.5787 10682
0 28 67.1822 0.177002 5.38301 1.42923 9947
0 29 62.2987 0.143096 5.4997 1.40427 13133
0 30 67.327 0.160892 5.22975 1.27008 11882
0 31 59.9105 0.265556 4.87692 0.853166 4110
0 32 67.3475 0.216982 5.74592 1.09315 6562
0 33 67.2745 0.200466 5.84121 1.26462 7258
0 34 61.2515 0.122563 5.26715 1.68601 16120
0 35 61.1631 0.273067 5.0139 1.25032 3610
0 36 61.4938 0.176016 5.2705 1.135 7687
0 37 0 0 0 0 0
0 38 67.6202 0.292595 5.2887 1.15128 4073
0 39 61.2652 0.143054 4.87056 1.31938 11276
0 40 68.1957 0.188169 6.02469 1.04693 8739
0 41 61.793 0.207597 5.39867 0.930726 5782
0 42 62.2972 0.184197 5.40538 1.01763 7863
0 43 67.4302 0.162532 5.65356 1.23616 10759
0 44 60.6707 0.192677 5.18935 0.922029 6269
0 45 67.9805 0.22328 5.53984 1.39443 6702
0 46 67.0807 0.134408 5.74466 1.1255 14911
0 47 65.35 0.214964 5.81048 1.10539 5873
0 48 61.9811 0.188423 5.42341 1.49312 7223
0 49 0 0 0 0 0
0 50 0 0 0 0 0
0 51 68.2351 0.148079 5.60488 0.82528 13652
0 52 63.2109 0.162601 5.54211 0.859166 9998
0 53 61.8041 0.167005 5.26259 1.19153 9227
0 54 62.0984 0.179479 5.25769 1.01104 7813
0 55 63.1408 0.159782 6.79748 2.48026 10094
0 56 68.3849 0.163316 5.61115 0.952384 11804
0 57 62.5489 0.16059 5.32965 1.07872 9905
0 58 63.3985 0.178042 5.28511 1.13883 8286
0 59 62.8106 0.13341 5.32776 1.19405 14323
0 60 62.2491 0.152553 5.2564 1.17173 10074
0 61 61.8565 0.124199 5.54971 1.07331 16714
0 62 62.446 0.136808 5.24328 1.16632 14024
0 63 61.531 0.165522 5.08185 1.03823 9177
1 0 62.1102 0.127923 5.69437 0.956766 15763
1 1 62.0985 0.131096 5.26777 1.20126 14840
1 2 60.8105 0.135013 5.46937 1.1906 14550
1 3 62.1473 0.16929 5.44486 1.11305 10304
1 4 66.7193 0.186077 6.67303 1.16279 9804
1 5 66.9198 0.168336 6.10968 1.1104 10751
1 6 62.7375 0.137474 5.55406 1.15576 14436
1 7 61.7756 0.131081 5.23572 1.55491 15669
1 8 61.2461 0.157104 5.60611 1.12062 10642
1 9 65.4512 0.136872 5.72658 1.2984 14621
1 10 60.6629 0.126758 5.54379 1.3822 15578
1 11 60.6399 0.168998 5.76669 0.757343 9780
1 12 61.9876 0.159724 5.21782 0.959884 10184
1 13 61.5862 0.149989 5.77578 1.34414 12331
1 14 60.6578 0.150421 5.04836 1.14698 11765
1 15 61.1251 0.16185 5.55343 1.22997 10164
1 16 60.4833 0.118846 5.32729 1.42215 18905
1 17 61.0425 0.161067 5.55527 0.965177 10408
1 18 59.7149 0.168261 6.06495 1.55376 9726
1 19 60.5677 0.129919 5.42837 1.05416 15734
1 20 60.796 0.158171 5.40121 2.23066 10805
1 21 62.61 0.139443 5.44103 1.17032 14316
1 22 61.9925 0.142915 5.55792 1.12876 12657
1 23 64.8827 0.168748 6.07298 1.07191 10840
1 24 60.3027 0.161275 5.73459 0.898026 10402
1 25 59.3429 0.128215 5.42811 0.950235 16996
1 26 60.0175 0.14672 5.3819 1.23135 11849
1 27 65.1802 0.165035 5.49207 1.73259 11774
1 28 60.9244 0.140756 5.20334 1.22833 13103
1 29 60.2169 0.156865 5.42316 0.958154 10465
1 30 0 0 0 0 0
1 31 0 0 0 0 0
1 32 0 0 0 0 0
1 33 0 0 0 0 0
1 34 59.7608 0.138676 5.22661 1.03944 12545
1 35 0 0 0 0 0
1 36 0 0 0 0 0
1 37 0 0 0 0 0
1 38 0 0 0 0 0
1 39 0 0 0 0 0
1 40 0 0 0 0 0
1 41 0 0 0 0 0
1 42 0 0 0 0 0
1 43 0 0 0 0 0
1 44 0 0 0 0 0
1 45 0 0 0 0 0
1 46 0 0 0 0 0
1 47 0 0 0 0 0
1 48 0 0 0 0 0
1 49 0 0 0 0 0
1 50 0 0 0 0 0
1 51 0 0 0 0 0
1 52 0 0 0 0 0
1 53 0 0 0 0 0
1 54 0 0 0 0 0
1 55 0 0 0 0 0
1 56 0 0 0 0 0
1 57 0 0 0 0 0
1 58 0 0 0 0 0
1 59 0 0 0 0 0
1 60 0 0 0 0 0
1 61 0 0 0 0 0
1 62 0 0 0 0 0
1 63 0 0 0 0 0
2 0 62.2075 0.126853 5.12129 1.16699 15477
2 1 62.0703 0.152101 5.53885 1.55575 10326
2 2 61.8764 0.162371 5.43676 1.2759 9115
2 3 62.1571 0.199604 5.23712 1.04998 6333
2 4 65.2526 0.200943 5.65247 0.963108 6514
2 5 61.2598 0.196143 5.42515 1.10787 6912
2 6 66.899 0.18542 5.6962 1.04119 8440
2 7 58.7696 0.290231 5.66717 0.861379 3448
2 8 62.3783 0.178969 5.5703 1.19706 8019
2 9 67.009 0.194719 5.77722 1.16551 7470
2 10 66.3593 0.208356 5.75398 1.04045 6622
2 11 61.1582 0.189937 5.54594 1.31878 7026
2 12 61.938 0.18192 5.21937 1.09814 7215
2 13 60.7732 0.236665 5.41712 0.965423 4865
2 14 61.546 0.134934 5.32928 1.25419 13554
2 15 60.8718 0.215462 5.3947 1.04303 5345
2 16 60.11 0.246073 5.46849 1.29882 4158
2 17 61.6261 0.178563 5.47726 1.28241 8404
2 18 67.6897 0.228479 6.24387 0.936087 6164
2 19 60.2305 0.279462 5.37983 0.921014 3275
2 20 61.5745 0.195559 5.50788 1.18267 6766
2 21 61.7589 0.182295 5.49014 1.04668 7972
2 22 60.7273 0.213421 5.85347 1.12015 5618
2 23 61.4839 0.19156 6.00079 0.885576 7389
2 24 61.8555 0.167552 5.30626 0.821288 9547
2 25 60.4954 0.283213 5.46367 1.04337 3433
2 26 61.4221 0.135762 4.91112 1.45485 12788
2 27 61.6765 0.209216 5.10641 1.3014 5703
2 28 61.493 0.226321 5.64088 1.22486 5018
2 29 61.6576 0.172283 5.35573 1.13337 8997
2 30 61.4405 0.206213 5.43626 1.44561 6104
2 31 60.2169 0.300771 5.19104 1.29765 3483
2 32 61.6048 0.212977 4.92392 1.50929 5417
2 33 61.5869 0.200321 5.49922 1.36167 6242
2 34 60.6989 0.131831 5.02028 0.793774 14092
2 35 67.4718 0.319558 6.23909 0.848741 3373
2 36 61.9709 0.198318 5.73136 1.11082 6801
2 37 0 0 0 0 0
2 38 63.7874 0.257057 5.80009 1.04539 4199
2 39 61.3998 0.154689 4.95399 1.25927 10761
2 40 62.0414 0.200004 5.65196 1.08191 6932
2 41 63.2308 0.233057 5.486 0.931426 5391
2 42 67.1362 0.20899 6.24015 0.971583 6984
2 43 66.4861 0.175702 6.30685 0.896396 9800
2 44 59.8688 0.204418 5.23385 1.05091 5815
2 45 63.6553 0.223611 5.27909 0.893882 6039
2 46 61.3138 0.130479 5.31867 1.2098 14576
2 47 60.7895 0.215242 5.38084 1.00232 5290
2 48 63.0115 0.200007 5.75207 1.01871 6760
2 49 66.9478 0.206322 6.41718 1.35801 7954
2 50 0 0 0 0 0
2 51 61.4695 0.137657 5.08153 0.771754 13144
2 52 62.7133 0.174779 6.08591 1.13938 8976
2 53 60.3973 0.163379 5.34383 1.67569 8828
2 54 63.4883 0.188948 5.67223 1.32013 7429
2 55 66.1933 0.175578 5.9099 1.62277 9674
2 56 61.9981 0.157168 5.43872 0.845183 10469
2 57 62.1644 0.140231 5.09309 0.928872 12645
2 58 61.9222 0.18491 5.63164 0.824853 7847
2 59 63.1135 0.139521 5.44624 0.995935 13490
2 60 61.7463 0.162496 5.17302 1.4748 10138
2 61 61.4728 0.118966 5.09181 1.3441 18065
2 62 61.9649 0.137973 5.81894 1.21705 14015
2 63 62.4219 0.175472 5.91551 1.18317 8684
3 0 68.3299 0.142221 5.74624 1.25356 14445
3 1 63.5283 0.132867 5.16595 1.07762 14286
3 2 67.8614 0.150907 5.99524 1.43249 13706
3 3 67.5983 0.181898 6.18812 1.40293 9310
3 4 65.2152 0.199729 6.17443 1.50494 7956
3 5 65.8337 0.178904 5.79858 1.10985 9101
3 6 67.5115 0.149809 5.60058 0.87956 12568
3 7 68.2351 0.137912 5.99223 1.33345 15619
3 8 68.5118 0.179088 6.15472 0.990865 9508
3 9 68.2696 0.153815 6.05908 1.53295 13002
3 10 67.4063 0.135566 7.24216 3.6588 15872
3 11 65.2224 0.194039 6.3983 0.992128 8219
3 12 61.9315 0.171216 5.43783 1.38477 8897
3 13 65.3934 0.172177 6.30853 0.975285 10332
3 14 0 0 0 0 0
3 15 65.288 0.191088 5.90952 1.01068 8308
3 16 64.3148 0.119097 5.85694 1.37436 20177
3 17 63.4441 0.172763 5.80872 1.18482 8762
3 18 66.5753 0.20346 6.48315 1.16173 7756
3 19 68.603 0.148104 5.62241 0.988129 13903
3 20 68.9699 0.201561 6.59846 1.33715 8256
3 21 68.8191 0.158625 6.08744 1.21423 12561
3 22 68.8738 0.167773 6.13325 0.965359 11391
3 23 68.1366 0.19017 6.2414 1.23467 8898
3 24 68.7192 0.185911 5.71952 0.728035 9489
3 25 63.5487 0.136504 5.74939 1.41346 14606
3 26 68.6826 0.171913 6.06879 1.06295 10455
3 27 69.7545 0.194404 6.53962 1.00741 8633
3 28 65.1738 0.154793 5.81391 1.31372 10664
3 29 63.598 0.17791 5.93643 1.19397 8983
3 30 64.8333 0.187049 6.03619 1.3746 7945
3 31 64.6416 0.14342 5.6599 1.04857 13376
3 32 64.2031 0.165713 6.02131 0.992956 10055
3 33 65.7605 0.195532 5.96887 1.08114 7814
3 34 68.4733 0.162484 5.62717 0.989853 11040
3 35 68.5049 0.151451 6.01738 1.07348 13286
3 36 64.9944 0.195126 6.03552 1.0838 7661
3 37 0 0 0 0 0
3 38 68.217 0.150505 7.55079 2.89298 14146
3 39 64.1465 0.179404 5.97492 0.856227 9401
3 40 0 0 0 0 0
3 41 64.016 0.17752 6.08584 1.11006 9289
3 42 64.734 0.189971 5.76352 1.03637 7659
3 43 63.8724 0.177745 5.89258 1.05177 8461
3 44 67.6623 0.177691 5.84062 1.23384 10756
3 45 64.8315 0.196913 6.21342 1.13643 7675
3 46 62.8282 0.158785 5.10553 0.888851 10554
3 47 63.5041 0.126787 5.80073 1.05793 16358
3 48 64.3693 0.196661 6.19283 1.27575 7343
3 49 69.3935 0.207785 5.85873 0.970561 7907
3 50 64.8369 0.179242 5.93909 1.21952 8689
3 51 68.1025 0.170937 5.92249 1.35933 10668
3 52 69.1733 0.194019 6.3818 1.6249 8260
3 53 64.6573 0.147772 6.02844 1.27748 12375
3 54 65.4825 0.176592 5.409 0.959485 8438
3 55 63.8564 0.179796 5.4602 1.20221 9003
3 56 64.8352 0.166136 5.75487 0.832706 9773
3 57 64.1291 0.159976 5.54039 1.04756 10017
3 58 67.9001 0.197992 6.27842 1.52087 8440
3 59 62.8028 0.158956 5.33748 1.39171 9921
3 60 64.7077 0.169575 6.04079 1.38894 9844
3 61 63.3696 0.142334 5.19107 1.24712 12023
3 62 63.0649 0.159282 5.54169 1.01825 10264
3 63 64.1659 0.177125 5.21171 1.1593 9078
4 0 0 0 0 0 0
4 1 0 0 0 0 0
4 2 0 0 0 0 0
4 3 0 0 0 0 0
4 4 0 0 0 0 0
4 5 0 0 0 0 0
4 6 0 0 0 0 0
4 7 0 0 0 0 0
4 8 0 0 0 0 0
4 9 0 0 0 0 0
4 10 0 0 0 0 0
4 11 0 0 0 0 0
4 12 0 0 0 0 0
4 13 0 0 0 0 0
4 14 0 0 0 0 0
4 15 0 0 0 0 0
4 16 0 0 0 0 0
4 17 0 0 0 0 0
4 18 0 0 0 0 0
4 19 0 0 0 0 0
4 20 0 0 0 0 0
4 21 0 0 0 0 0
4 22 0 0 0 0 0
4 23 0 0 0 0 0
4 24 0 0 0 0 0
4 25 0 0 0 0 0
4 26 0 0 0 0 0
4 27 0 0 0 0 0
4 28 0 0 0 0 0
4 29 0 0 0 0 0
4 30 0 0 0 0 0
4 31 0 0 0 0 0
4 32 0 0 0 0 0
4 33 0 0 0 0 0
4 34 0 0 0 0 0
4 35 0 0 0 0 0
4 36 0 0 0 0 0
4 37 0 0 0 0 0
4 38 0 0 0 0 0
4 39 0 0 0 0 0
4 40 0 0 0 0 0
4 41 0 0 0 0 0
4 42 0 0 0 0 0
4 43 0 0 0 0 0
4 44 0 0 0 0 0
4 45 0 0 0 0 0
4 46 0 0 0 0 0
4 47 0 0 0 0 0
4 48 0 0 0 0 0
4 49 0 0 0 0 0
4 50 0 0 0 0 0
4 51 0 0 0 0 0
4 52 0 0 0 0 0
4 53 0 0 0 0 0
4 54 0 0 0 0 0
4 55 0 0 0 0 0
4 56 0 0 0 0 0
4 57 0 0 0 0 0
4 58 0 0 0 0 0
4 59 0 0 0 0 0
4 60 0 0 0 0 0
4 61 0 0 0 0 0
4 62 0 0 0 0 0
4 63 0 0 0 0 0
5 0 62.9262 0.140683 5.32333 0.752305 12833
5 1 62.617 0.153511 5.4514 1.31368 10996
5 2 62.4949 0.156572 5.71215 1.52659 10669
5 3 66.4317 0.159857 5.91768 1.25597 10792
5 4 64.4069 0.195444 7.34186 1.82507 8121
5 5 63.2466 0.166694 5.62839 1.28856 9775
5 6 62.9512 0.157244 5.54609 1.44773 10443
5 7 62.7795 0.127644 5.33289 0.993533 16702
5 8 63.5917 0.150402 5.40536 1.34306 10881
5 9 63.6627 0.153198 5.69567 1.11165 11153
5 10 64.2435 0.13987 5.3774 1.4169 12875
5 11 62.1949 0.187982 6.09897 1.24421 8173
5 12 66.1002 0.174752 6.31113 1.02237 10237
5 13 64.1543 0.163784 5.7805 1.50438 10545
5 14 63.2936 0.1461 5.17077 1.43693 12235
5 15 64.6159 0.188248 6.09932 1.18512 8470
5 16 63.3593 0.127455 5.28858 1.35146 16473
5 17 63.3606 0.180124 6.11414 0.886896 8632
5 18 64.293 0.18562 5.84048 1.58519 8068
5 19 66.0621 0.144666 5.53391 1.18813 14202
5 20 63.844 0.18386 5.58618 1.34415 8095
5 21 64.1969 0.16005 5.5495 1.19165 10470
5 22 63.7397 0.140749 5.30597 1.67995 12977
5 23 61.7418 0.178358 5.92607 1.12351 8317
5 24 62.3383 0.151421 5.54298 1.13396 10631
5 25 0 0 0 0 0
5 26 62.8818 0.153035 5.48479 0.963583 10887
5 27 63.1258 0.172421 5.43931 1.40025 8381
5 28 64.1778 0.162445 5.78616 1.28627 10288
5 29 63.0256 0.178106 5.76417 1.61896 8748
5 30 67.6617 0.200851 6.06735 1.32341 8097
5 31 61.6314 0.126457 5.09453 1.95046 15563
5 32 63.4389 0.148022 5.43166 1.13063 11563
5 33 64.049 0.175374 5.94558 1.10739 8797
5 34 62.455 0.148666 5.19582 1.37699 10451
5 35 63.1381 0.129182 4.93231 1.19697 15111
5 36 63.5564 0.18211 5.95336 1.16123 8394
5 37 0 0 0 0 0
5 38 66.0154 0.133047 5.784 1.63459 16157
5 39 66.4778 0.158728 5.70743 1.43295 12265
5 40 63.4399 0.175954 5.83352 1.12728 8809
5 41 63.5148 0.154805 5.37665 1.0341 11043
5 42 63.3583 0.180137 5.80084 1.13879 8477
5 43 66.4101 0.172928 5.71608 1.13728 9454
5 44 64.1307 0.147475 5.70693 1.381 12319
5 45 63.6194 0.162905 5.49952 1.51695 9001
5 46 62.9747 0.1479 5.19881 1.05849 11474
5 47 62.9244 0.118135 5.22395 1.56174 18811
5 48 64.2838 0.177315 5.78696 1.22561 8773
5 49 63.9184 0.175843 5.82981 0.901149 9003
5 50 66.9642 0.171276 6.15429 1.18095 10191
5 51 66.291 0.144977 5.80936 1.35261 13258
5 52 66.862 0.170031 5.80518 1.54122 9604
5 53 65.8274 0.131162 5.54206 1.21274 15520
5 54 63.9738 0.16375 5.49785 0.792214 9983
5 55 64.0662 0.163849 5.52906 1.37775 10035
5 56 62.4399 0.142591 5.32239 0.965523 12336
5 57 66.1185 0.149762 5.59093 1.29346 13283
5 58 63.6266 0.165654 5.76552 1.24165 9835
5 59 62.179 0.152333 5.25863 1.51566 11087
5 60 62.8 0.141314 5.39769 1.34358 12869
5 61 66.0156 0.143094 5.10278 1.40889 13778
5 62 62.8274 0.143527 5.18329 1.42774 11872
5 63 62.3906 0.158971 5.26432 1.16725 10198
6 0 65.432 0.123039 5.37038 1.07517 17323
6 1 65.5062 0.136216 5.63173 1.28783 13679
6 2 64.1408 0.138544 5.05954 1.11852 12885
6 3 69.313 0.214859 5.5537 0.765793 6842
6 4 69.6965 0.201546 6.11132 1.20801 7502
6 5 49.9998 0.152655 4.43824 0.619788 8061
6 6 64.1553 0.154949 5.35458 0.95063 11338
6 7 63.7159 0.258806 5.66494 1.03941 4052
6 8 63.004 0.169766 5.56371 1.19631 8979
6 9 68.8867 0.168418 5.96773 1.48458 10069
6 10 67.8606 0.186792 5.43681 0.863839 9058
6 11 63.7167 0.1819 5.71361 0.965604 8494
6 12 65.1347 0.184902 5.56814 1.46568 7752
6 13 64.16 0.22002 5.24876 1.02163 5834
6 14 64.702 0.13669 5.65323 0.944633 14645
6 15 65.3177 0.21163 5.63732 0.959417 6476
6 16 62.8135 0.232504 5.91422 0.954064 5343
6 17 63.8724 0.167855 5.82773 1.25137 9636
6 18 65.7097 0.199768 5.5426 0.849879 7066
6 19 0 0 0 0 0
6 20 65.892 0.220191 6.1201 1.01988 6636
6 21 69.1878 0.160088 5.69421 1.24017 10955
6 22 67.9333 0.213722 5.61668 1.42217 6032
6 23 69.3176 0.202319 5.75799 1.00712 7591
6 24 64.7121 0.168631 5.76629 1.13561 10154
6 25 70.4604 0.312461 6.44667 1.05343 3311
6 26 65.4935 0.13299 5.38922 1.32848 14763
6 27 65.2494 0.230874 5.7245 1.21494 5645
6 28 65.869 0.248876 7.28307 1.75061 4875
6 29 64.1177 0.17331 5.20564 1.02276 8516
6 30 65.4346 0.225193 6.08609 1.1554 6208
6 31 62.8906 0.286577 5.52234 1.15334 3176
6 32 70.1342 0.267086 5.96831 1.33986 4602
6 33 64.1473 0.23074 5.93139 0.976816 4993
6 34 0 0 0 0 0
6 35 66.0186 0.301293 6.34199 0.808424 3250
6 36 69.5021 0.24987 6.74526 0.888338 5555
6 37 0 0 0 0 0
6 38 64.9993 0.307683 4.96158 1.17145 3114
6 39 68.7384 0.242654 6.08318 1.47365 5156
6 40 63.556 0.219422 6.09742 1.09111 6161
6 41 69.4359 0.237417 5.70792 0.973163 5378
6 42 65.1586 0.217942 5.71269 0.960504 6402
6 43 65.5886 0.181333 5.59625 0.856665 8064
6 44 69.0105 0.248911 5.91157 1.05855 5132
6 45 65.6301 0.213114 5.50688 1.23359 5738
6 46 68.8562 0.154087 5.74547 1.10269 12575
6 47 64.2273 0.344578 5.79633 0.789768 2690
6 48 65.4571 0.20091 5.65572 1.167 6435
6 49 64.4956 0.190321 5.5997 1.12023 7675
6 50 65.1175 0.210136 5.56899 1.05528 5688
6 51 65.8814 0.203545 5.98511 0.90134 6902
6 52 65.3162 0.174088 5.65425 1.11938 8893
6 53 63.6927 0.258875 5.69028 1.01265 4123
6 54 65.5693 0.203898 5.64442 1.3729 6518
6 55 64.7307 0.176033 5.351 1.20302 8720
6 56 65.6407 0.230255 6.07517 1.00102 5213
6 57 64.7035 0.233673 5.19373 1.39664 6013
6 58 66.0365 0.213974 5.95096 1.0634 6340
6 59 65.4201 0.141645 5.52804 1.33452 13625
6 60 69.2357 0.259738 5.75499 1.15883 4678
6 61 64.1773 0.170373 5.99047 1.21932 10028
6 62 66.2985 0.148527 5.95389 0.972946 13025
6 63 68.7463 0.19596 5.83865 1.33251 7623
7 0 65.4984 0.187405 5.9663 1.23891 8409
7 1 67.9052 0.217091 5.79218 1.37726 6999
7 2 65.3285 0.208016 5.8729 1.01741 6785
7 3 0 0 0 0 0
7 4 65.6436 0.186792 5.94456 1.09224 8298
7 5 65.4291 0.196255 5.39087 1.53467 8060
7 6 65.4052 0.216639 5.99161 1.11008 6690
7 7 65.0402 0.143679 5.47939 1.02841 14414
7 8 67.9328 0.196002 6.12249 1.0912 8475
7 9 0 0 0 0 0
7 10 0 0 0 0 0
7 11 66.2318 0.186795 6.01492 1.25967 8677
7 12 68.2366 0.190697 5.88613 1.21032 8825
7 13 64.945 0.159091 5.60925 1.01905 11225
7 14 65.1622 0.171566 5.70984 1.21516 10046
7 15 65.7391 0.181576 6.04726 0.978028 9172
7 16 66.0292 0.163971 5.19547 1.46574 11117
7 17 65.4558 0.189006 6.06333 1.16582 8570
7 18 68.5319 0.195121 6.36429 1.05274 8691
7 19 67.7687 0.143728 5.71261 1.35344 14913
7 20 66.4285 0.202497 6.39345 1.30825 7489
7 21 65.4068 0.206524 5.66348 1.06495 7103
7 22 65.8959 0.160093 5.74676 1.06876 11206
7 23 65.4888 0.202075 6.13923 0.9926 7611
7 24 66.0705 0.185614 5.84584 0.979153 8432
7 25 68.572 0.154676 6.05231 1.4706 12825
7 26 65.7191 0.163329 6.01626 0.930344 10784
7 27 66.414 0.199401 6.1419 1.18793 7899
7 28 67.9454 0.173065 6.01006 1.12861 9644
7 29 64.9721 0.184824 5.59769 0.936712 7818
7 30 69.906 0.221987 6.84331 1.05518 7381
7 31 65.695 0.148911 5.8316 1.10457 12965
7 32 65.5858 0.164256 5.83506 1.30878 10100
7 33 69.5341 0.194564 5.81045 1.61258 8419
7 34 65.4255 0.170313 5.58204 0.789978 9721
7 35 64.8402 0.13664 5.51447 1.25235 14343
7 36 66.4518 0.215618 6.51665 1.36125 7438
7 37 0 0 0 0 0
7 38 65.6574 0.142217 5.46332 1.27168 14605
7 39 66.1138 0.144859 5.55872 0.974803 13707
7 40 0 0 0 0 0
7 41 67.1243 0.156228 5.47443 1.13566 11622
7 42 69.3195 0.192277 6.39183 0.963758 8936
7 43 65.2847 0.17265 5.22042 1.41353 8750
7 44 66.4357 0.161909 5.53062 1.24073 11900
7 45 66.9846 0.182223 5.85703 1.41445 8875
7 46 66.1313 0.170147 5.65566 1.29426 10246
7 47 68.4794 0.129238 5.71499 1.38655 18430
7 48 67.5618 0.188846 6.23944 0.860212 8689
7 49 66.8125 0.178216 6.01163 1.17762 9545
7 50 66.7724 0.171867 5.95488 1.05727 9569
7 51 65.7145 0.140947 5.63695 1.27446 14353
7 52 66.9823 0.178551 7.56106 1.96163 9972
7 53 66.3493 0.13203 5.42603 1.20556 15988
7 54 67.3891 0.177212 5.79599 1.16644 9720
7 55 66.2437 0.168805 5.93799 1.11332 10212
7 56 66.5971 0.146344 5.50281 1.01116 13613
7 57 66.0759 0.144609 5.57307 1.27071 13973
7 58 68.8529 0.177915 5.98923 0.92264 9858
7 59 65.6738 0.150392 5.50994 1.14699 11917
7 60 66.1405 0.138875 5.80896 1.26528 13724
7 61 64.4769 0.136566 5.53557 0.945166 14990
7 62 68.7436 0.161364 5.84683 1.03682 12208
7 63 66.6505 0.171442 5.50956 1.10558 10167
8 0 66.1196 0.193864 5.77115 1.19009 7548
8 1 66.9944 0.21597 5.73564 1.34038 6580
8 2 62.7017 0.20704 5.50216 0.990932 6120
8 3 63.1088 0.180276 5.23226 1.23541 8008
8 4 67.3086 0.202882 5.5724 0.966486 7057
8 5 0 0 0 0 0
8 6 66.7581 0.233179 5.51813 1.4674 5624
8 7 62.4008 0.156851 5.2899 1.21686 10002
8 8 63.3519 0.18435 5.78778 1.29098 8049
8 9 64.0592 0.221638 5.48836 1.60298 5910
8 10 62.9183 0.196594 5.29903 1.13276 6816
8 11 67.413 0.194071 5.96846 0.917175 7746
8 12 62.8875 0.191697 5.93606 0.849474 7265
8 13 62.5982 0.171752 5.33685 0.911047 8562
8 14 62.79 0.159989 5.25761 1.04317 10091
8 15 62.7345 0.193476 5.73946 0.86062 7334
8 16 65.6508 0.193995 5.24589 1.2213 7441
8 17 66.9643 0.185226 5.45092 1.21423 8199
8 18 63.2174 0.194702 5.57926 1.22439 7078
8 19 62.4764 0.163376 5.66548 0.980333 9147
8 20 62.4068 0.211436 5.65328 1.30611 6363
8 21 62.2138 0.217443 5.93054 0.887969 5629
8 22 67.7511 0.180515 5.84561 1.38782 9300
8 23 62.9146 0.200165 5.71797 1.13295 7296
8 24 67.6373 0.180535 5.65983 1.43055 8783
8 25 61.611 0.173016 5.38249 1.01221 8433
8 26 63.7372 0.168683 5.28078 1.21384 9449
8 27 63.5287 0.188218 5.88551 1.10756 7298
8 28 62.1343 0.175944 5.00635 1.23732 7778
8 29 62.2853 0.181234 5.28175 0.921866 8071
8 30 63.1228 0.195801 5.62691 1.16196 6580
8 31 61.9962 0.164064 5.49445 1.35109 9740
8 32 62.9488 0.165873 5.35318 1.2197 9341
8 33 61.3005 0.175634 5.43958 1.46275 8264
8 34 61.783 0.17144 5.3557 1.31563 8955
8 35 62.1751 0.155372 5.29436 1.11016 10819
8 36 62.4626 0.192508 5.90122 0.993054 7611
8 37 0 0 0 0 0
8 38 63.231 0.16044 5.25049 0.910751 11306
8 39 62.8498 0.142662 5.42141 0.96607 13055
8 40 63.2085 0.186604 5.77967 0.894628 7839
8 41 62.6532 0.155783 5.29533 1.29479 10002
8 42 63.8897 0.178057 5.67593 1.46228 8415
8 43 62.7419 0.164763 5.60265 1.26217 9515
8 44 62.1834 0.157518 5.68117 1.05512 10444
8 45 63.7492 0.174102 5.98143 1.32719 8780
8 46 62.3233 0.15585 5.51507 0.760852 10880
8 47 61.365 0.127655 4.73735 1.73268 15822
8 48 63.6028 0.178612 5.72659 1.20701 8438
8 49 62.8026 0.174156 6.17627 1.16516 9121
8 50 61.6597 0.161095 5.23462 1.06629 9943
8 51 62.8492 0.124135 5.25266 1.08144 16360
8 52 62.6744 0.154217 5.17868 1.17524 10373
8 53 62.9979 0.128529 5.46445 1.29888 15292
8 54 62.8666 0.167344 5.3311 1.22574 9259
8 55 62.2034 0.147965 5.51259 1.00056 11327
8 56 62.8912 0.137009 5.21432 1.13725 12828
8 57 66.3375 0.143353 6.10039 0.985815 14571
8 58 62.8573 0.169562 5.46622 1.0608 9160
8 59 62.0842 0.148571 5.33823 1.09472 11979
8 60 62.5703 0.134359 5.24708 0.994359 14178
8 61 62.0222 0.119256 5.28851 1.31471 17495
8 62 62.2262 0.146269 5.63378 1.08386 12390
8 63 62.9895 0.158684 5.51757 0.906016 10325
9 0 61.9725 0.124115 5.18308 1.42557 16744
9 1 60.7029 0.131452 5.42147 1.18901 14369
9 2 60.5637 0.148247 5.25765 1.16543 11678
9 3 60.9724 0.150097 5.27782 1.16368 12672
9 4 60.8137 0.187677 5.89032 1.35206 8061
9 5 60.9632 0.179181 7.00408 2.25346 8475
9 6 65.3534 0.16026 5.70731 1.16767 11476
9 7 60.0387 0.133781 5.41186 1.09082 14710
9 8 60.9325 0.185209 5.83283 0.897219 8600
9 9 59.6895 0.11909 5.40842 1.08621 19101
9 10 59.6828 0.105798 5.08422 1.32397 23208
9 11 59.8117 0.18469 5.57471 1.27427 8099
9 12 64.4674 0.173136 6.21626 1.42427 10172
9 13 64.2671 0.146015 5.85035 1.23891 13788
9 14 59.07 0.147567 5.32872 1.26725 12091
9 15 0 0 0 0 0
9 16 63.6897 0.112955 5.79289 0.941528 22906
9 17 59.1101 0.165622 5.20119 1.26152 10703
9 18 64.6029 0.185373 6.22362 0.967322 9023
9 19 57.1666 0.142824 4.99065 1.11153 13762
9 20 59.353 0.198337 6.14049 1.26017 7509
9 21 63.896 0.145391 6.25292 1.1688 14186
9 22 58.9206 0.134867 5.50661 0.924384 14831
9 23 63.7557 0.207073 6.59912 1.4107 7895
9 24 59.6813 0.15711 5.77993 1.10875 10979
9 25 58.2803 0.151038 5.28153 1.41736 11715
9 26 57.9111 0.150489 5.48868 1.00531 11567
9 27 63.9215 0.173604 5.94527 0.928912 9668
9 28 57.8251 0.155298 5.3362 0.494902 11414
9 29 63.763 0.175401 5.9633 1.34471 9914
9 30 64.7557 0.204978 6.30138 1.25098 8313
9 31 57.9089 0.22795 5.11666 1.14687 5531
9 32 59.4821 0.217669 5.79224 0.976003 5874
9 33 59.4059 0.203003 5.40517 1.22079 6221
9 34 58.4297 0.147924 5.31819 1.06437 11677
9 35 59.5944 0.33518 5.73801 1.19087 2876
9 36 59.5563 0.20824 6.12732 1.1739 6971
9 37 0 0 0 0 0
9 38 61.2188 0.437085 6.88311 1.1085 1983
9 39 59.0888 0.226856 5.42462 1.07557 5498
9 40 59.4763 0.209124 5.47669 1.53959 7255
9 41 0 0 0 0 0
9 42 0 0 0 0 0
9 43 0 0 0 0 0
9 44 0 0 0 0 0
9 45 0 0 0 0 0
9 46 0 0 0 0 0
9 47 0 0 0 0 0
9 48 0 0 0 0 0
9 49 0 0 0 0 0
9 50 0 0 0 0 0
9 51 0 0 0 0 0
9 52 0 0 0 0 0
9 53 0 0 0 0 0
9 54 66.6736 0.205833 5.81519 1.09342 7721
9 55 66.3802 0.1665 5.65145 1.36669 11583
9 56 62.2061 0.222245 5.53409 1.12745 6106
9 57 63.2184 0.244263 4.75912 1.3824 5502
9 58 62.5391 0.173633 5.44964 1.20789 8685
9 59 66.4145 0.183285 4.88349 1.12972 9386
9 60 67.749 0.331402 5.71274 1.14411 3120
9 61 61.7479 0.169451 5.53215 1.32278 8840
9 62 66.18 0.148397 5.4549 0.985503 12708
9 63 66.7788 0.197299 5.11255 1.16762 7382
10 0 66.1639 0.144915 5.77673 1.5441 14458
10 1 66.0138 0.146458 5.60899 1.33477 13070
10 2 65.517 0.160676 5.70646 0.845743 11332
10 3 65.6018 0.185276 6.3838 1.07193 9346
10 4 66.6392 0.194138 6.11343 1.39462 8217
10 5 66.2903 0.188682 7.62431 1.79872 9135
10 6 65.2075 0.16682 6.00662 1.48976 10523
10 7 65.1321 0.159558 5.76498 1.03048 11947
10 8 65.7353 0.174746 5.94816 1.3972 10176
10 9 66.3391 0.161137 5.87989 0.868543 11045
10 10 66.469 0.153473 6.04198 0.852252 12639
10 11 65.6316 0.18063 5.91599 1.3772 9175
10 12 66.8279 0.190633 6.00361 0.81748 9038
10 13 65.2079 0.174077 5.8987 1.16234 9460
10 14 66.0581 0.153153 5.86415 0.829854 12614
10 15 71.4483 0.193534 6.51502 1.01051 9032
10 16 65.4458 0.150217 5.83233 1.38109 12972
10 17 64.9182 0.170517 5.84394 1.01512 10135
10 18 66.504 0.201969 5.99485 1.47514 8011
10 19 71.2775 0.184467 6.34338 0.895567 10120
10 20 67.1242 0.189479 6.23313 1.24182 8670
10 21 65.6822 0.166814 5.8105 0.916103 10798
10 22 66.2719 0.160388 5.9343 1.35816 11279
10 23 66.9849 0.181162 6.44025 1.28651 9758
10 24 66.6704 0.164143 5.9854 1.10612 11116
10 25 64.2217 0.166114 6.35373 1.46361 10504
10 26 66.695 0.162604 5.6829 1.33901 11349
10 27 66.7049 0.182796 6.34519 1.47314 8827
10 28 66.7764 0.178549 6.38367 1.072 9869
10 29 65.5242 0.162581 5.7299 1.30236 10605
10 30 66.9671 0.192319 6.40239 1.15304 8255
10 31 70.503 0.174693 6.25656 1.38359 11399
10 32 66.7388 0.162433 5.97144 0.924213 10802
10 33 66.0667 0.171521 5.5921 1.33649 9440
10 34 65.7418 0.152265 5.63933 1.29076 12377
10 35 66.7176 0.172713 6.06425 1.20676 10951
10 36 66.9307 0.183934 5.91701 1.21884 9190
10 37 0 0 0 0 0
10 38 67.602 0.163958 6.51202 1.02318 11937
10 39 67.5289 0.143398 5.62045 1.35049 14633
10 40 66.0247 0.188879 6.47256 1.61042 8856
10 41 67.6291 0.171196 6.10978 1.13338 10327
10 42 66.5306 0.189988 6.38655 1.19499 8663
10 43 66.3093 0.159957 6.09461 1.52051 12010
10 44 68.9004 0.170938 6.23771 1.35677 11423
10 45 68.767 0.181776 5.97461 1.12854 9620
10 46 65.4428 0.145436 5.65114 1.23135 13356
10 47 70.4118 0.136304 5.76356 0.999583 17455
10 48 68.2776 0.191301 6.55598 0.982386 8786
10 49 68.5268 0.172103 5.99847 1.30043 10389
10 50 0 0 0 0 0
10 51 67.2656 0.12623 5.87838 1.56133 19086
10 52 67.0036 0.171441 6.50878 1.29312 11008
10 53 71.1972 0.137633 5.75061 0.939477 17140
10 54 60.7325 0.157391 5.47185 1.47622 10088
10 55 70.8733 0.157059 6.2306 0.97355 13650
10 56 66.6452 0.140575 5.43654 1.48354 14601
10 57 66.2352 0.13255 5.83391 1.42927 16401
10 58 67.9335 0.172165 5.98259 1.12772 10032
10 59 69.1377 0.151415 6.31589 1.00464 13215
10 60 66.3322 0.140523 5.51024 1.87441 14637
10 61 65.5477 0.111618 5.0367 1.19757 22429
10 62 68.3171 0.144623 5.60797 1.10553 14420
10 63 67.6821 0.165126 6.11914 1.0462 11706
11 0 61.8238 0.110793 5.02834 1.17752 19312
11 1 62.1242 0.124559 5.17953 1.2333 15582
11 2 61.5674 0.152025 5.58246 1.76733 11703
11 3 63.2139 0.187983 5.63132 1.3352 7730
11 4 60.5384 0.196454 6.01772 1.36252 7075
11 5 66.5874 0.200021 6.03503 1.03585 7660
11 6 61.805 0.159567 5.80963 1.33987 10735
11 7 61.3483 0.194532 5.78178 1.22532 7379
11 8 0 0 0 0 0
11 9 61.056 0.161524 5.30573 1.29598 9857
11 10 63.996 0.163899 5.65226 0.898882 10820
11 11 66.7636 0.20966 6.61208 1.16903 7513
11 12 63.4203 0.183203 5.57126 1.54055 7763
11 13 61.3003 0.199326 6.12709 1.49783 7070
11 14 62.9744 0.14522 5.30944 1.10939 12887
11 15 61.373 0.195997 5.48143 1.22473 6796
11 16 60.7412 0.163617 5.57309 1.10588 10627
11 17 59.2235 0.154471 5.43405 1.29978 10093
11 18 60.4196 0.192542 5.7954 1.34209 6949
11 19 57.5434 0.1989 5.84715 1.29675 6750
11 20 61.7278 0.200018 5.63118 1.37218 7272
11 21 61.9153 0.152469 5.36255 1.10401 10849
11 22 66.9921 0.199356 5.71382 1.30498 7625
11 23 63.6009 0.199534 5.87376 1.34542 7738
11 24 66.4328 0.161207 5.91489 1.32855 11002
11 25 59.8409 0.190359 5.35431 1.23193 7330
11 26 54.9328 0.13179 4.89028 1.09263 11850
11 27 60.8371 0.197034 5.65796 1.35321 7166
11 28 61.0416 0.186847 5.52742 1.00955 7487
11 29 62.982 0.163095 5.62774 0.814541 10555
11 30 61.564 0.185274 5.46262 1.61538 7423
11 31 66.5322 0.207681 6.04564 1.10368 7444
11 32 67.3225 0.19737 5.99531 1.15853 7725
11 33 66.8192 0.208955 6.38353 0.849689 7212
11 34 66.2312 0.15676 5.53348 1.42116 12722
11 35 60.0317 0.162714 4.97036 1.42196 9408
11 36 62.4352 0.204935 6.03364 1.18426 7010
11 37 0 0 0 0 0
11 38 66.0002 0.154751 5.45167 1.22131 12513
11 39 65.505 0.163696 5.60751 0.99304 10384
11 40 0 0 0 0 0
11 41 66.8536 0.169615 5.80123 1.32339 9756
11 42 66.7474 0.209386 6.10752 1.10174 6853
11 43 66.782 0.188664 5.94368 1.03229 9317
11 44 61.9665 0.139545 5.27895 0.923976 12420
11 45 62.1021 0.182705 5.75861 1.23564 8068
11 46 65.9295 0.163207 6.11628 0.999971 11275
11 47 60.3217 0.125413 5.10346 1.36363 15331
11 48 62.5254 0.194166 5.90717 0.879922 7273
11 49 62.532 0.201496 5.83665 0.792692 7117
11 50 66.8507 0.166762 5.77457 1.18549 10278
11 51 62.0302 0.149269 5.41239 0.865906 11181
11 52 61.8557 0.177404 5.5572 1.03652 8850
11 53 60.4719 0.125941 5.34499 1.17804 15428
11 54 66.9815 0.185276 5.56309 1.17494 8703
11 55 61.3307 0.158138 5.62745 0.810534 9937
11 56 64.7878 0.175404 5.39318 1.30582 8971
11 57 65.8652 0.179359 5.59657 1.09215 9007
11 58 62.1235 0.192378 5.70457 1.06665 7606
11 59 66.4265 0.16656 5.69856 1.08498 10054
11 60 60.8123 0.1387 5.45446 1.40696 12556
11 61 60.9486 0.141323 5.19822 1.14478 12743
11 62 61.6316 0.14712 5.41805 1.31056 11385
11 63 66.6489 0.200645 6.28249 1.2768 7765
12 0 63.3333 0.11619 5.30837 0.858339 20697
12 1 63.5974 0.123976 5.36674 1.33026 17079
12 2 63.9426 0.134056 5.69197 1.49592 15395
12 3 65.056 0.163597 5.77842 1.05038 10995
12 4 64.9922 0.181281 5.70573 1.21535 9027
12 5 64.5847 0.164846 5.83464 1.41854 10422
12 6 63.7477 0.138736 5.5796 1.35932 13654
12 7 64.0249 0.143257 5.42858 1.12763 12692
12 8 64.3884 0.15249 5.76108 1.64188 11885
12 9 63.8369 0.143523 5.91697 1.59962 13442
12 10 63.988 0.131259 5.50006 1.12241 15560
12 11 63.7262 0.162001 5.73516 0.925845 10062
12 12 64.4016 0.159037 5.56634 1.48877 10533
12 13 64.8778 0.15535 5.84486 1.21908 10455
12 14 64.0652 0.130314 5.52786 1.27292 15461
12 15 64.1792 0.168261 5.82279 1.29026 9412
12 16 63.9767 0.129159 5.4087 1.22408 15983
12 17 67.7764 0.162586 6.35599 1.29034 11595
12 18 65.4668 0.175055 6.10741 0.848014 9286
12 19 64.7005 0.153635 5.41173 1.81987 11437
12 20 68.4422 0.182012 5.68551 1.2228 9060
12 21 63.3938 0.137487 5.25683 1.39903 13171
12 22 64.72 0.148154 5.50833 1.13071 12095
12 23 63.3286 0.164413 5.70936 1.16806 10003
12 24 63.0799 0.128805 5.00085 1.33604 13868
12 25 63.9556 0.158382 5.31317 1.18473 11103
12 26 65.2754 0.151863 5.88183 1.00326 12468
12 27 66.1872 0.180704 6.40032 0.968533 9388
12 28 68.5706 0.174468 6.3176 1.03885 10665
12 29 64.6381 0.155296 5.86961 1.0917 10950
12 30 65.4295 0.183289 5.78377 1.2785 8655
12 31 64.8931 0.16142 5.38167 1.07293 10331
12 32 65.3515 0.173577 5.46422 1.18942 9761
12 33 65.2795 0.17973 5.68101 0.952746 8732
12 34 64.7258 0.148913 5.9034 1.26462 12559
12 35 64.6845 0.158804 5.44269 1.63742 10644
12 36 65.2223 0.19375 6.46789 0.873102 8124
12 37 0 0 0 0 0
12 38 66.6196 0.144439 5.62678 0.922575 13490
12 39 64.8245 0.162255 5.5007 1.46182 10453
12 40 64.7638 0.188627 5.75623 1.39039 8163
12 41 64.8535 0.173259 5.94164 1.10454 9705
12 42 65.4672 0.192422 6.52516 0.921875 8428
12 43 64.3037 0.177781 6.02433 1.49067 9774
12 44 64.9181 0.142695 5.49011 1.13588 12355
12 45 65.0956 0.182151 6.13154 1.00486 8948
12 46 63.4806 0.157141 5.80251 1.25202 10970
12 47 64.6613 0.147582 5.19513 1.40506 13105
12 48 65.437 0.193986 6.21249 1.00293 8135
12 49 65.1489 0.185673 6.24162 1.09521 8673
12 50 64.2582 0.165157 5.85835 1.3537 10573
12 51 64.4273 0.154422 5.97287 0.915106 11811
12 52 63.4213 0.173362 5.87327 1.07856 9871
12 53 65.0814 0.14086 5.37979 0.974322 12705
12 54 64.8699 0.162761 5.60999 1.50744 10317
12 55 62.9461 0.156735 5.63286 0.902578 11615
12 56 65.1326 0.167021 5.68737 0.884166 10504
12 57 64.9082 0.159351 5.66083 1.03585 11142
12 58 64.3181 0.167648 5.98666 0.999026 10024
12 59 63.7649 0.155692 5.52877 0.852075 10870
12 60 67.3577 0.159774 5.45037 1.29466 11362
12 61 63.3884 0.139239 5.30213 1.17181 13419
12 62 62.9735 0.139527 5.55624 1.14364 13793
12 63 64.3324 0.158247 5.90562 1.1791 11059
13 0 65.1799 0.139993 5.5576 0.874543 14395
13 1 65.4529 0.147457 5.68296 1.19954 13081
13 2 65.3369 0.173522 6.00421 1.10515 10436
13 3 68.6815 0.174454 6.01887 1.18146 10316
13 4 65.0627 0.196601 6.08061 1.25733 7805
13 5 65.1739 0.176163 6.43631 1.12795 10042
13 6 65.6151 0.166766 6.09754 0.884327 10640
13 7 63.2713 0.16069 5.56681 1.18448 11207
13 8 68.7511 0.17884 6.47018 1.4895 10326
13 9 68.2756 0.167947 5.93241 1.49992 11030
13 10 63.8123 0.158671 6.03781 1.34412 11542
13 11 64.4935 0.192904 5.81229 1.09937 8342
13 12 65.2161 0.16714 6.05347 0.92861 10392
13 13 68.4168 0.19175 6.68 1.37487 9490
13 14 64.6928 0.139891 5.64617 1.08746 14701
13 15 0 0 0 0 0
13 16 62.8994 0.153114 5.31964 2.07537 11999
13 17 64.0851 0.168643 5.71479 1.44695 10010
13 18 68.9348 0.205413 6.29275 1.41583 8524
13 19 68.1681 0.191125 6.03186 1.60738 9444
13 20 70.0057 0.214992 6.39641 1.55115 7741
13 21 64.7971 0.165946 6.01982 1.14036 10993
13 22 64.1461 0.151692 5.5288 1.08684 11362
13 23 68.7006 0.215144 6.56012 1.10143 7946
13 24 65.3037 0.157933 5.94579 1.04625 12293
13 25 68.1425 0.172518 5.61997 1.09787 10466
13 26 65.6169 0.160877 5.71674 1.19766 11423
13 27 65.8391 0.186703 5.89494 1.20974 8893
13 28 64.6256 0.172104 5.73175 1.44413 10132
13 29 68.6607 0.183797 6.0377 1.16327 10376
13 30 65.7628 0.1997 6.1803 1.11878 7985
13 31 68.0282 0.169575 5.77448 1.4862 11627
13 32 65.007 0.156288 5.53536 1.59536 11619
13 33 65.007 0.166118 5.69847 1.30523 9645
13 34 64.9663 0.155003 5.84178 1.64476 11961
13 35 63.1694 0.165507 5.88105 0.889027 10967
13 36 69.362 0.192264 6.19346 1.20392 9012
13 37 0 0 0 0 0
13 38 68.7654 0.181943 7.82097 2.44236 10385
13 39 64.0866 0.155212 5.72235 1.04728 12311
13 40 65.359 0.195657 6.18178 1.773 8154
13 41 64.4239 0.159469 5.80552 1.33275 10916
13 42 65.308 0.196934 5.43121 0.977406 8050
13 43 65.5593 0.157323 5.9915 1.02408 11171
13 44 68.6318 0.168208 5.82787 1.28742 10862
13 45 64.9074 0.174563 5.78478 1.62794 9542
13 46 66.5606 0.148949 6.10092 1.50895 13205
13 47 63.5652 0.150875 5.56369 1.6285 12688
13 48 65.8231 0.188363 6.16436 1.13573 8741
13 49 65.1432 0.177889 5.81584 1.59621 8763
13 50 63.9548 0.175547 6.11788 1.14694 9727
13 51 64.1433 0.123729 5.38015 1.18665 18050
13 52 64.8263 0.16152 5.89982 1.22331 10995
13 53 64.6173 0.154389 5.7368 1.39121 12304
13 54 65.5042 0.17347 6.07322 1.39143 9956
13 55 64.8551 0.137698 5.4503 1.6393 13733
13 56 68.7262 0.164765 5.89614 1.06239 12174
13 57 0 0 0 0 0
13 58 66.4027 0.182208 6.20792 1.07522 9249
13 59 64.9688 0.143941 5.34522 1.19633 13468
13 60 65.0274 0.160968 5.76493 0.970562 11634
13 61 67.1494 0.117369 5.38084 1.32991 22043
13 62 64.5111 0.131675 5.4508 1.21593 16116
13 63 69.2618 0.176624 6.12947 1.75005 10393
14 0 60.9028 0.123548 5.5218 1.04218 16545
14 1 61.6589 0.132792 5.54823 1.18648 14949
14 2 62.3081 0.134866 5.28192 1.29471 14599
14 3 62.1977 0.166175 6.19139 1.00985 10381
14 4 62.3243 0.174198 5.90688 1.11773 8969
14 5 0 0 0 0 0
14 6 61.5549 0.138282 4.89351 1.06103 13252
14 7 61.7197 0.149208 5.77991 1.18199 12046
14 8 62.3486 0.157147 5.62824 1.43653 10477
14 9 62.0952 0.131875 5.37791 1.21767 14213
14 10 62.234 0.122728 5.31856 1.43284 16238
14 11 61.7737 0.162823 5.58388 1.14711 9739
14 12 0 0 0 0 0
14 13 62.9588 0.160245 5.32021 0.746664 10758
14 14 62.1394 0.151286 5.77251 1.42843 11629
14 15 63.3727 0.163417 5.6042 1.1541 9712
14 16 61.752 0.122498 4.97687 1.54249 16361
14 17 62.5783 0.167541 5.9267 1.17687 9546
14 18 62.697 0.170179 5.76842 0.916351 9322
14 19 61.8578 0.146855 5.3784 1.06438 11589
14 20 65.1614 0.184942 5.85182 1.16648 8065
14 21 62.5323 0.134948 5.43325 1.06722 13741
14 22 63.1676 0.153653 5.35682 1.17416 11463
14 23 62.5285 0.176508 5.66129 1.38162 8470
14 24 62.7773 0.15393 5.68818 1.53849 10733
14 25 62.1786 0.154214 5.10656 1.23846 10522
14 26 62.5516 0.152641 5.30355 1.73214 10699
14 27 63.7042 0.180943 5.69215 1.252 8758
14 28 63.313 0.168704 5.88193 1.26042 9714
14 29 65.4819 0.186134 5.93795 1.08848 8653
14 30 63.8815 0.186694 5.53791 1.23658 7918
14 31 62.7545 0.171649 5.66211 1.03618 9146
14 32 66.1368 0.179264 5.87329 1.17695 8877
14 33 63.7265 0.188842 5.96456 1.31377 7801
14 34 62.1644 0.167496 5.98299 1.22223 9841
14 35 62.1412 0.152329 5.11089 1.58577 10771
14 36 62.8191 0.191621 5.40263 1.35449 7156
14 37 0 0 0 0 0
14 38 62.9891 0.157903 5.41516 1.55913 10547
14 39 65.2984 0.224055 6.03047 1.47119 6476
14 40 62.3336 0.196612 5.89021 0.962094 7161
14 41 65.2712 0.165673 5.81783 1.03392 10041
14 42 63.8329 0.189509 6.01281 1.23765 7788
14 43 62.522 0.188264 5.81 0.951042 8302
14 44 63.389 0.163385 5.7105 1.02637 9768
14 45 61.851 0.171581 5.17639 1.00258 8644
14 46 62.4876 0.169344 5.57402 1.33538 9075
14 47 60.9947 0.17574 4.80017 1.01729 8394
14 48 63.5802 0.186984 6.05795 1.03698 7928
14 49 62.5367 0.177721 5.70382 1.02454 8756
14 50 64.6079 0.189004 5.47573 1.03281 8235
14 51 65.6568 0.189413 5.98034 1.22894 8157
14 52 62.649 0.171057 5.70098 1.00517 9466
14 53 65.2982 0.187002 5.08798 1.23998 8066
14 54 63.0668 0.190838 5.44842 1.27195 7723
14 55 65.1764 0.166715 5.29076 1.2048 9936
14 56 65.5813 0.216912 5.81605 1.01036 6473
14 57 61.8802 0.204227 5.68595 0.995482 7123
14 58 62.5593 0.184181 5.35797 1.66025 7871
14 59 62.3058 0.152029 5.50354 1.07837 11222
14 60 64.3722 0.209372 5.59006 0.84129 6905
14 61 61.6227 0.176089 5.60978 1.36828 9146
14 62 61.2921 0.146693 5.44276 0.955638 11512
14 63 65.6261 0.18005 6.10886 1.22816 8920
15 0 63.6595 0.18631 5.76083 1.11033 8064
15 1 66.1578 0.213691 6.32635 1.23766 6999
15 2 62.7081 0.234222 5.85131 0.909898 5478
15 3 0 0 0 0 0
15 4 62.829 0.213152 5.98198 1.14196 6463
15 5 67.0959 0.246588 6.15372 0.977566 6264
15 6 66.1501 0.248061 6.11152 1.16352 5149
15 7 61.6409 0.183411 5.7011 1.02529 7989
15 8 63.4112 0.211138 5.86914 1.0891 6460
15 9 0 0 0 0 0
15 10 0 0 0 0 0
15 11 62.7581 0.211065 5.96643 1.14815 6642
15 12 66.7351 0.216887 6.13577 0.747134 6682
15 13 62.367 0.186381 5.91859 1.19439 7851
15 14 63.8485 0.170287 5.74994 1.26992 9995
15 15 63.5734 0.20424 5.84844 1.01045 7076
15 16 62.5967 0.210128 5.43328 0.814666 6501
15 17 64.2084 0.18366 5.57595 0.827838 7947
15 18 64.6097 0.212506 5.91625 1.14707 6727
15 19 67.1231 0.198256 5.76555 1.08409 7915
15 20 64.0755 0.224337 5.95499 1.42032 5822
15 21 67.3198 0.241912 6.31636 1.22246 5628
15 22 64.4641 0.186044 5.15289 1.21767 8084
15 23 63.6029 0.220582 6.52445 1.32969 6331
15 24 67.4323 0.187042 5.6367 1.06428 8667
15 25 68.1068 0.223601 6.04371 1.16636 6568
15 26 64.987 0.169896 5.63906 0.979023 9679
15 27 67.8033 0.221586 5.73603 0.739342 6355
15 28 63.7918 0.211139 6.28542 0.997203 6466
15 29 63.9737 0.201946 5.74383 1.06757 7219
15 30 68.9128 0.243364 6.35079 1.09058 5956
15 31 70.6511 0.0628297 0.400524 7.91622 6977
15 32 68.648 0.21609 6.34984 1.1879 7001
15 33 68.4927 0.230648 6.33705 1.2929 6414
15 34 64.3884 0.191926 5.66793 1.04572 7988
15 35 67.2361 0.2002 5.93579 0.953877 7735
15 36 64.0635 0.208971 5.99943 1.45969 6659
15 37 0 0 0 0 0
15 38 63.4152 0.188255 5.77996 1.07929 8070
15 39 67.2342 0.166718 6.00549 1.05634 11403
15 40 0 0 0 0 0
15 41 64.1105 0.194528 5.77171 0.887036 8210
15 42 65.0719 0.194859 5.87048 1.03034 7296
15 43 63.6887 0.206314 7.4424 1.25684 7545
15 44 64.5078 0.18375 6.1304 1.03162 8442
15 45 65.4645 0.199559 5.80694 1.50128 7260
15 46 65.1186 0.184601 5.85724 1.32081 8392
15 47 63.8043 0.154597 5.50619 1.19786 11635
15 48 68.9801 0.199998 6.33662 1.30731 7952
15 49 65.3478 0.196874 6.13154 1.05608 7795
15 50 64.267 0.190569 6.05994 0.912924 8001
15 51 65.2548 0.147027 5.57161 1.65894 12955
15 52 65.0954 0.182562 5.94693 1.4395 8516
15 53 67.8161 0.162742 6.03492 1.06563 11921
15 54 65.3981 0.191076 5.93701 0.93327 8178
15 55 64.3876 0.177559 5.73125 1.26547 9205
15 56 68.3556 0.173691 6.06323 1.26833 10849
15 57 63.8936 0.153354 5.63123 0.994785 11515
15 58 64.7661 0.197378 5.94132 1.1413 7854
15 59 63.7972 0.172677 6.06574 1.50682 9341
15 60 63.7381 0.159764 5.73735 1.42445 11064
15 61 64.2022 0.134725 5.67252 1.36717 15039
15 62 65.0961 0.169963 6.03644 1.18397 10406
15 63 64.2835 0.191073 6.15045 1.31731 8428
