#mip results dif_1_1_3
#chip channel mpv empv widthmpv chi2ndf nentries
0 0 65.054 0.16129 5.06452 1.12369 9988
0 1 60.082 0.207327 4.53014 1.16982 5930
0 2 60.0809 0.225179 4.72366 1.42047 5021
0 3 60.2798 0.2073 4.7372 0.961398 5288
0 4 60.607 0.235063 5.25007 1.262 4317
0 5 0 0 0 0 0
0 6 59.9974 0.221534 4.61186 0.948593 4461
0 7 64.8212 0.326957 5.50196 1.46166 2726
0 8 60.4333 0.198686 4.99791 0.742763 5738
0 9 59.9712 0.220817 4.68835 1.17308 4919
0 10 64.1742 0.225686 5.28039 1.25047 4726
0 11 60.2501 0.218084 5.1556 1.11263 4948
0 12 64.4591 0.2121 5.33114 0.724841 5909
0 13 59.5577 0.248788 4.39046 1.02464 4121
0 14 60.9155 0.141737 4.97138 1.27006 10568
0 15 59.5498 0.231221 4.57352 0.696222 4369
0 16 64.798 0.341355 4.83957 1.21901 2715
0 17 60.361 0.205484 5.21469 1.17241 5611
0 18 60.1505 0.225311 4.21978 1.04517 4914
0 19 0 0 0 0 0
0 20 59.2708 0.239743 5.26628 1.12885 4330
0 21 59.01 0.209012 4.96943 1.04156 5225
0 22 64.7507 0.223956 5.53806 0.877597 5215
0 23 60.3142 0.214635 4.83513 1.17666 4769
0 24 62.1423 0.191482 5.27204 1.13916 6408
0 25 57.9863 0.341163 4.07475 1.28731 2263
0 26 61.1021 0.158432 4.56097 1.13134 9216
0 27 60.8271 0.259749 4.49724 0.925931 3689
0 28 60.2296 0.273409 6.81712 1.52691 3491
0 29 60.0271 0.204986 4.99671 0.798872 5401
0 30 60.3188 0.253371 4.45681 0.982076 4213
0 31 64.8333 0.340766 4.85438 1.45709 2529
0 32 60.5801 0.229316 5.15741 0.960027 4372
0 33 60.0223 0.221007 5.08769 1.40399 4564
0 34 59.423 0.155519 4.79515 1.27694 9490
0 35 59.2965 0.326535 4.76637 0.803028 2308
0 36 60.4198 0.216464 4.72837 0.907004 4956
0 37 0 0 0 0 0
0 38 58.134 0.290348 4.46975 2.04875 2984
0 39 59.6138 0.157004 4.77325 0.765924 9133
0 40 0 0 0 0 0
0 41 60.5031 0.242297 6.50373 2.03352 4034
0 42 60.463 0.225035 5.01772 1.09625 4872
0 43 60.2461 0.179811 4.60417 1.33216 7246
0 44 59.7686 0.224123 5.33999 1.10785 4631
0 45 61.0201 0.243651 4.37274 1.31465 4337
0 46 61.0235 0.141342 5.13264 1.21304 11448
0 47 65.8345 0.236773 4.93401 0.928904 4813
0 48 60.8413 0.220645 4.46866 1.41769 4905
0 49 60.9406 0.199868 5.31024 0.992907 5940
0 50 59.6303 0.224034 4.67385 1.61309 4650
0 51 57.3301 0.136591 4.33317 1.3253 10827
0 52 60.042 0.184499 4.9566 0.938754 6535
0 53 60.1058 0.167954 4.76964 1.31195 7934
0 54 61.2345 0.211095 4.85688 1.16033 5440
0 55 58.7205 0.171515 4.87949 1.61993 6898
0 56 58.9342 0.154393 6.27022 2.99662 8997
0 57 58.4691 0.148758 4.85101 1.03238 9969
0 58 60.3024 0.20124 5.17683 0.915134 5936
0 59 59.3681 0.14943 4.64212 1.24505 10310
0 60 64.8618 0.173469 5.40638 0.912258 8457
0 61 59.1173 0.128912 4.5202 1.34014 13692
0 62 50.6986 0.140062 4.10253 1.44003 10072
0 63 60.3272 0.196761 4.83469 1.04864 6341
1 0 64.797 0.154948 5.25304 1.12915 11575
1 1 60.0195 0.152155 4.68442 1.10023 11064
1 2 59.6003 0.141706 4.93831 1.03218 11693
1 3 60.7936 0.200759 5.09572 1.6799 6023
1 4 60.2616 0.212569 5.36055 0.96493 5460
1 5 60.3087 0.202361 5.03395 1.17051 6543
1 6 58.6016 0.163826 5.1282 1.13726 9916
1 7 59.2118 0.158676 4.51808 0.902879 10180
1 8 58.8112 0.194679 4.93403 0.921211 6741
1 9 58.8911 0.150626 5.13219 1.04376 10652
1 10 59.6967 0.144649 4.87548 1.46202 12006
1 11 58.6664 0.19845 5.23305 0.802638 6341
1 12 60.455 0.208632 5.02991 1.09457 6104
1 13 59.9214 0.176985 5.18833 1.2597 7296
1 14 0 0 0 0 0
1 15 64.3671 0.240787 5.0358 1.24635 5479
1 16 57.3025 0.13445 4.91373 0.813271 13496
1 17 58.8302 0.203064 5.01207 1.09997 6244
1 18 59.1349 0.222378 5.38024 0.918636 5365
1 19 57.7762 0.155652 4.71666 1.06169 9763
1 20 59.2218 0.214465 5.5169 0.716259 5769
1 21 57.3643 0.151124 4.7098 0.979491 10475
1 22 58.2974 0.182726 4.79246 1.10049 7743
1 23 57.8901 0.196247 5.03768 0.908994 6686
1 24 57.2828 0.194584 5.31108 0.857919 6614
1 25 57.8781 0.15713 4.62741 1.00355 11237
1 26 56.412 0.192799 4.30057 0.70341 6585
1 27 58.5316 0.202872 5.12492 1.27218 6009
1 28 58.2973 0.184648 5.619 0.925747 7800
1 29 57.6157 0.199369 5.12343 1.19935 6576
1 30 57.8046 0.220792 5.26831 0.915225 5894
1 31 57.6833 0.153001 4.90385 1.0569 10048
1 32 57.4601 0.197986 5.13415 0.781391 7351
1 33 0 0 0 0 0
1 34 57.4489 0.18781 5.22069 0.922885 7159
1 35 58.4223 0.144253 5.00994 0.769548 11783
1 36 58.4428 0.218843 5.06704 0.858025 5322
1 37 0 0 0 0 0
1 38 61.4192 0.135403 4.48924 1.25469 14581
1 39 57.282 0.171245 4.88874 0.803667 8208
1 40 58.7088 0.222566 5.27102 0.776039 5422
1 41 0 0 0 0 0
1 42 0 0 0 0 0
1 43 0 0 0 0 0
1 44 0 0 0 0 0
1 45 0 0 0 0 0
1 46 0 0 0 0 0
1 47 0 0 0 0 0
1 48 0 0 0 0 0
1 49 0 0 0 0 0
1 50 0 0 0 0 0
1 51 0 0 0 0 0
1 52 0 0 0 0 0
1 53 0 0 0 0 0
1 54 61.9537 0.157911 4.9861 0.975151 9372
1 55 62.0781 0.174789 5.20847 0.785183 8078
1 56 65.8387 0.0122617 0.208941 5.34295 6870
1 57 64.3305 0.192528 4.83626 1.00136 7688
1 58 62.5667 0.178405 4.92948 0.702632 7815
1 59 61.5983 0.189589 5.35834 0.697218 6720
1 60 66.2724 0.183814 5.32614 1.07741 8532
1 61 61.4642 0.177311 5.23074 0.744346 7370
1 62 63.052 0.184367 4.83035 1.01881 8004
1 63 62.0787 0.168389 4.56747 1.51084 8346
2 0 58.9753 0.134822 4.70445 1.06402 12680
2 1 59.1188 0.162428 4.91032 1.32223 7850
2 2 57.7812 0.170907 4.7161 1.34138 7002
2 3 57.8681 0.209322 4.66015 0.958345 4847
2 4 58.2393 0.229638 4.50918 1.2709 4368
2 5 58.4239 0.207583 5.06419 1.07086 5022
2 6 58.4933 0.190523 4.79928 0.992378 6017
2 7 56.1582 0.315242 3.64772 1.23325 2657
2 8 57.2286 0.196218 4.41053 1.21695 5729
2 9 58.5551 0.194538 5.15105 1.0653 5701
2 10 57.9491 0.19298 4.6425 0.977536 5610
2 11 58.2606 0.217505 5.20809 0.939484 4893
2 12 57.8489 0.205641 4.86199 1.19244 5437
2 13 58.3893 0.263944 4.80405 1.25527 3645
2 14 58.5875 0.139143 4.3666 1.51127 10940
2 15 59.0427 0.242026 4.73962 0.976659 3794
2 16 55.7158 0.241132 4.39581 1.08227 3071
2 17 58.0431 0.198026 4.72828 1.01043 5825
2 18 58.8573 0.233221 4.9319 0.858323 4350
2 19 57.1884 0.308514 4.67883 0.86 2386
2 20 58.2615 0.20951 4.62767 1.09837 4965
2 21 59.2494 0.184017 4.62539 1.02423 6426
2 22 58.9743 0.21877 4.70054 1.25693 4544
2 23 57.9928 0.195665 4.94411 1.03999 5899
2 24 57.9836 0.179917 4.89653 1.03968 6731
2 25 58.4399 0.29905 4.61816 0.973656 2565
2 26 59.3168 0.145156 4.81953 1.33339 10383
2 27 60.2303 0.221706 5.12957 1.12873 4302
2 28 58.1096 0.224909 4.36344 1.23058 4066
2 29 58.2484 0.174151 4.96078 0.68333 6877
2 30 59.4213 0.216217 4.85115 1.12993 4854
2 31 58.2627 0.324634 6.70494 1.2218 2379
2 32 59.121 0.241001 4.23588 0.921592 4148
2 33 59.1116 0.221584 4.76781 0.982268 4300
2 34 58.1725 0.130819 4.85839 0.845064 12276
2 35 58.0528 0.334169 4.1954 0.740527 2399
2 36 58.761 0.202281 4.70143 0.98746 4844
2 37 0 0 0 0 0
2 38 65.1927 0.289018 4.8762 1.39473 3107
2 39 59.6113 0.162678 4.81471 1.28954 8192
2 40 58.5494 0.219413 4.81697 1.24579 4848
2 41 59.1229 0.240075 5.01371 0.93227 3686
2 42 58.9065 0.223905 4.83089 1.10564 4822
2 43 58.307 0.200205 4.11698 1.30169 6796
2 44 58.9914 0.212447 4.68448 0.943014 4700
2 45 59.768 0.233603 5.06991 0.90585 3913
2 46 58.8615 0.138408 5.04784 0.817741 11720
2 47 64.2094 0.254545 5.14226 1.28693 3772
2 48 58.8738 0.212406 4.77542 1.87879 4613
2 49 58.6202 0.206927 5.03043 1.34801 5474
2 50 59.7892 0.20633 5.18963 0.674132 5078
2 51 0 0 0 0 0
2 52 57.9968 0.182911 4.45595 1.08774 6268
2 53 65.2742 0.203675 5.02972 1.50685 6918
2 54 58.7958 0.198334 4.7308 1.0534 5681
2 55 59.0713 0.168153 4.63372 0.827652 7884
2 56 58.6867 0.164126 4.64653 0.839024 8406
2 57 59.3717 0.154338 4.7565 1.07291 10149
2 58 59.1782 0.189432 4.86424 1.07167 6073
2 59 59.2628 0.14336 4.70317 1.29266 10777
2 60 58.813 0.178262 4.82013 0.960685 7142
2 61 58.2337 0.116382 4.56252 1.60256 15134
2 62 60.4926 0.141051 5.05999 0.846294 12255
2 63 58.8617 0.188986 4.83688 0.994902 7022
3 0 61.7772 0.150666 5.40587 0.811189 10632
3 1 61.6323 0.156798 5.22341 0.961491 10162
3 2 62.4433 0.154352 4.80898 1.08374 10060
3 3 63.237 0.183448 5.08555 1.05509 6701
3 4 61.6585 0.228379 4.45929 1.26388 5371
3 5 62.7087 0.209222 5.05533 1.01736 6336
3 6 61.7991 0.158812 4.76291 1.27319 8830
3 7 62.6501 0.136226 4.8214 0.945203 12923
3 8 61.9106 0.178892 4.84895 1.1099 7082
3 9 61.9357 0.157771 4.39051 1.19808 9472
3 10 62.3352 0.140405 4.92218 1.01634 12120
3 11 61.0075 0.217052 5.17702 1.2056 5554
3 12 62.8192 0.194663 4.99229 1.22271 6514
3 13 62.6328 0.181797 5.19949 1.11808 7613
3 14 63.7862 0.181489 5.35676 1.24236 8007
3 15 62.6697 0.220569 5.29314 1.16293 5362
3 16 59.9517 0.114667 4.69639 1.35847 16843
3 17 61.6408 0.20947 5.22494 1.07002 5781
3 18 63.1146 0.218177 5.22854 0.606347 5355
3 19 60.9714 0.150367 4.8765 0.844474 10585
3 20 62.2952 0.220437 5.65377 1.27305 5515
3 21 61.5438 0.166287 4.74151 1.13231 9276
3 22 63.4377 0.168095 4.98107 1.15873 8988
3 23 62.6901 0.212908 4.98671 0.8576 6220
3 24 62.5152 0.182429 5.09433 1.31051 6968
3 25 62.8209 0.147217 4.77967 1.74023 11369
3 26 60.5209 0.192811 5.11348 1.13684 6885
3 27 61.722 0.213005 4.67586 0.92483 5719
3 28 62.1959 0.174805 4.65754 0.829744 7875
3 29 61.7062 0.204593 5.20559 1.04686 6079
3 30 62.568 0.217978 5.1401 1.28096 5313
3 31 68.9881 0.152379 5.25845 1.01325 11990
3 32 62.4822 0.17557 5.07008 1.08906 7863
3 33 64.4492 0.211922 5.53483 1.61697 5860
3 34 62.4746 0.184819 5.10384 1.24755 7412
3 35 61.7038 0.151917 4.79393 1.0162 10554
3 36 64.4056 0.212975 5.27216 1.34399 5652
3 37 0 0 0 0 0
3 38 61.6815 0.145414 5.44142 1.13859 11409
3 39 62.8525 0.174863 5.13593 1.57032 7549
3 40 61.7812 0.217757 5.08096 1.06507 5540
3 41 62.3113 0.184465 5.41789 1.06093 7285
3 42 62.068 0.221485 5.22964 1.13983 5248
3 43 61.5915 0.20291 4.51064 1.01589 6384
3 44 63.2608 0.171568 5.26926 0.954158 8671
3 45 61.9753 0.224865 4.78625 1.11348 5162
3 46 61.6396 0.181558 4.85523 0.884878 7667
3 47 62.1263 0.128649 6.65745 4.04668 14525
3 48 62.0653 0.21569 5.40254 0.860397 5168
3 49 62.0054 0.208833 5.12897 0.98374 5527
3 50 62.3527 0.189943 5.10267 1.32445 6554
3 51 61.8377 0.166541 5.03175 1.34829 8131
3 52 61.4212 0.210437 5.43485 1.90591 5530
3 53 63.2635 0.153635 5.33999 0.948651 10268
3 54 63.1447 0.208219 4.93429 1.2354 6069
3 55 61.7532 0.187713 4.72131 0.936156 6928
3 56 61.8026 0.192523 4.86606 0.727555 7150
3 57 62.4995 0.168334 5.01707 1.28423 8034
3 58 62.8568 0.197313 5.59377 1.27873 6286
3 59 61.1932 0.184176 5.36772 1.00755 7044
3 60 63.4453 0.180707 5.35054 1.24894 7637
3 61 61.6224 0.165715 4.84335 1.09338 8782
3 62 61.1718 0.17886 5.12431 1.10411 7503
3 63 61.251 0.196327 4.70414 1.33914 6986
4 0 60.8507 0.131822 4.7938 0.879503 13590
4 1 62.4642 0.155704 4.94613 1.20387 10045
4 2 68.2732 0.186021 4.86038 0.827796 9145
4 3 63.0734 0.214192 5.19849 1.49879 5283
4 4 63.4275 0.216077 5.70623 1.08178 5483
4 5 63.8519 0.203523 4.88491 1.22222 6184
4 6 61.5436 0.177967 4.3214 1.75119 7821
4 7 61.6973 0.279417 5.21663 0.936154 3305
4 8 62.5001 0.209343 5.0653 1.06064 6393
4 9 61.4628 0.17135 4.96625 1.15221 7823
4 10 61.4641 0.17512 5.063 1.13135 7288
4 11 63.4876 0.193901 5.05374 0.91323 6427
4 12 63.4265 0.222756 5.3319 0.895753 5725
4 13 62.6637 0.229033 5.77677 0.964683 4720
4 14 63.012 0.148899 5.0361 1.04217 11111
4 15 62.9563 0.224504 5.13955 0.931341 4987
4 16 61.0396 0.271703 5.56974 1.60414 3957
4 17 63.5293 0.187742 5.22229 1.05607 7125
4 18 63.1981 0.21976 5.33748 1.01223 5483
4 19 0 0 0 0 0
4 20 62.7035 0.225113 5.80065 1.0323 5018
4 21 61.5545 0.170881 4.63874 0.854492 8562
4 22 63.5252 0.225112 4.79858 1.04483 5145
4 23 62.9105 0.21214 5.22249 1.44413 6007
4 24 63.1556 0.183338 5.39287 1.15717 7298
4 25 61.5754 0.316696 5.26686 1.04166 2668
4 26 63.3859 0.148968 4.90456 0.94136 11788
4 27 62.8593 0.231873 5.15267 0.953395 4584
4 28 63.7818 0.260713 5.14114 0.975879 4204
4 29 63.0225 0.188348 5.07782 0.834625 6830
4 30 65.4892 0.210448 5.16621 1.17368 5308
4 31 61.4546 0.332299 4.28822 0.916641 2484
4 32 61.9928 0.255005 5.31707 1.05017 3769
4 33 63.432 0.249965 4.90136 0.731421 4122
4 34 63.1744 0.150568 5.13424 0.745078 10846
4 35 61.4607 0.356152 4.51702 1.44821 2804
4 36 64.3514 0.237579 5.42752 0.84671 4532
4 37 0 0 0 0 0
4 38 61.3676 0.293612 4.91001 1.08262 2994
4 39 63.9571 0.201309 5.30367 1.11953 6067
4 40 0 0 0 0 0
4 41 62.6721 0.263994 5.40781 0.978248 4040
4 42 65.1253 0.236769 5.33845 1.24775 5024
4 43 63.5273 0.210963 5.27674 0.769909 6197
4 44 68.5296 0.233437 5.31612 0.741056 5241
4 45 63.1843 0.246352 5.72127 0.762564 4273
4 46 63.3373 0.153874 5.02637 0.832785 10198
4 47 69.2769 0.329712 5.22886 0.895719 3160
4 48 63.5021 0.240408 4.77344 1.12716 4723
4 49 64.4414 0.219732 5.52591 1.19411 5452
4 50 63.4978 0.217117 5.6008 1.0203 5459
4 51 63.6364 0.182267 5.02023 1.13005 7516
4 52 63.369 0.209942 4.97186 0.806895 6478
4 53 63.152 0.239429 4.9608 1.42043 4886
4 54 62.0044 0.196737 5.09501 1.44373 6022
4 55 63.1377 0.178042 5.12871 1.27823 8081
4 56 63.613 0.204786 4.86334 1.1216 5906
4 57 63.5256 0.198713 5.23542 0.984147 6758
4 58 63.3994 0.201166 4.86523 1.22925 6051
4 59 64.2914 0.153216 5.28126 1.26943 10840
4 60 63.2952 0.215951 4.93735 1.02041 5463
4 61 63.9998 0.14598 5.21107 1.28965 11535
4 62 63.1319 0.139207 4.99752 0.786364 12752
4 63 63.4742 0.184799 5.17297 0.98072 7112
5 0 61.0493 0.168444 4.85661 1.6346 8231
5 1 59.1559 0.170363 4.66762 0.98355 7555
5 2 60.1882 0.173611 4.60447 0.964509 7785
5 3 60.7834 0.174855 4.83893 1.18268 7427
5 4 59.9711 0.218045 5.41558 0.898243 5551
5 5 60.3695 0.184346 4.58048 1.08083 6965
5 6 60.0749 0.17911 4.92311 0.972581 7078
5 7 59.4168 0.118898 4.54985 1.16685 14789
5 8 59.998 0.166864 4.73724 1.00849 7684
5 9 60.6699 0.174387 4.99579 1.07521 7552
5 10 60.8947 0.154939 4.92818 0.821468 9630
5 11 59.233 0.187162 4.47092 0.958249 5954
5 12 60.2047 0.175039 4.81139 0.948067 7351
5 13 60.3898 0.167494 4.56958 0.993487 8578
5 14 61.0184 0.161262 4.60262 1.30534 8797
5 15 59.5813 0.189163 4.63931 1.16532 6106
5 16 58.9661 0.126485 4.27837 0.950428 12974
5 17 64.2982 0.200495 4.95126 1.0293 6182
5 18 59.8777 0.210355 4.83324 0.982704 5613
5 19 0 0 0 0 0
5 20 60.6069 0.20709 4.8023 1.0654 5321
5 21 64.773 0.202199 5.33803 0.702452 7140
5 22 59.9872 0.14215 4.72539 0.887165 10063
5 23 60.2884 0.200273 4.63991 1.49248 5812
5 24 59.8806 0.175501 4.87231 1.22007 7590
5 25 60.108 0.145063 4.57294 1.68251 10620
5 26 64.567 0.0567466 0.355026 7.81383 7250
5 27 60.2382 0.185703 4.18944 1.16472 5565
5 28 60.4765 0.17503 5.04137 1.12742 7290
5 29 59.7869 0.208392 5.07454 1.09141 5697
5 30 60.6329 0.214285 4.77959 1.51466 5258
5 31 60.3015 0.143678 4.78168 1.22896 11106
5 32 59.9992 0.161604 4.89503 0.839077 8019
5 33 60.1802 0.18966 4.90685 1.32428 6174
5 34 60.7237 0.183119 5.08429 0.952277 6843
5 35 58.248 0.129791 4.65855 1.24386 12289
5 36 60.7985 0.203981 4.95566 0.994789 5642
5 37 0 0 0 0 0
5 38 59.7351 0.131062 4.76887 0.972711 12628
5 39 58.8814 0.145184 4.73917 0.990465 10246
5 40 59.6621 0.194289 4.75639 1.55904 5752
5 41 61.0562 0.154846 4.84823 1.31106 8772
5 42 59.9941 0.196463 4.53907 0.923646 6078
5 43 59.1849 0.180036 4.49316 0.800305 6612
5 44 59.0213 0.148176 4.85973 1.0354 9327
5 45 58.916 0.177617 4.39639 1.40511 6314
5 46 59.3416 0.171259 4.86244 0.932162 7534
5 47 58.759 0.119633 4.56065 1.51069 15895
5 48 60.4223 0.207765 4.29439 0.951794 6319
5 49 57.5621 0.167798 4.50466 0.675396 6924
5 50 60.1526 0.175461 4.93864 0.964683 7070
5 51 57.4666 0.139306 4.54376 1.54577 11194
5 52 59.1036 0.17718 4.30385 1.36157 7040
5 53 57.6033 0.126801 4.18907 1.21199 12760
5 54 60.3556 0.178134 4.80854 1.22532 7120
5 55 59.4546 0.172552 4.89758 1.01106 7354
5 56 57.2281 0.145441 4.59238 1.17914 10156
5 57 57.7866 0.132093 4.22765 1.25982 11342
5 58 58.489 0.172139 4.7804 0.898009 7096
5 59 58.626 0.165014 4.19982 1.28719 8065
5 60 56.5152 0.137639 4.22476 1.61715 10558
5 61 57.5158 0.139501 4.49793 1.58139 10840
5 62 58.2926 0.156564 4.7452 1.12823 8680
5 63 59.4582 0.16401 4.53435 1.15093 7716
6 0 60.4829 0.124998 4.54858 1.0549 13659
6 1 61.1143 0.15115 5.09384 1.15521 10934
6 2 61.6407 0.147537 4.83163 1.18561 10475
6 3 60.7554 0.199844 4.2482 1.4458 5505
6 4 60.4068 0.212699 5.31131 1.27174 5094
6 5 60.8702 0.191651 4.97581 1.01503 5963
6 6 62.3054 0.161287 4.91444 0.992235 9553
6 7 59.485 0.263162 4.92755 1.2727 3364
6 8 61.0442 0.197187 4.58255 0.904321 6514
6 9 61.3981 0.166869 5.11389 0.962354 8599
6 10 60.1648 0.167783 4.33139 1.27491 8364
6 11 59.8695 0.202074 4.42473 1.02544 5938
6 12 62.3316 0.204902 4.66963 1.1693 5961
6 13 60.3493 0.219118 4.43575 0.821646 4884
6 14 60.5974 0.141699 4.49753 1.03514 11853
6 15 0 0 0 0 0
6 16 59.3383 0.221692 5.01683 1.04467 4796
6 17 60.4241 0.180623 4.70774 1.05833 6787
6 18 61.1614 0.202264 4.84956 0.869796 5618
6 19 65.6765 0.306277 5.56675 0.883546 2844
6 20 61.4227 0.234703 4.90962 0.936839 4670
6 21 61.9009 0.162529 4.9179 0.846324 8997
6 22 60.1669 0.195288 4.96197 1.16864 5218
6 23 60.6616 0.206488 4.68956 1.24263 5098
6 24 61.2295 0.183125 4.94747 1.23515 7410
6 25 66.485 0.321931 5.44206 1.5039 2504
6 26 60.6148 0.136853 4.49233 1.00958 11494
6 27 66.6323 0.24126 5.89863 1.02271 4336
6 28 60.8614 0.237596 4.95316 1.40945 3861
6 29 60.3147 0.18839 4.90508 1.08339 6038
6 30 61.3521 0.24135 5.21123 1.02733 4658
6 31 67.6094 0.346803 5.91147 1.22701 2443
6 32 60.6733 0.242168 4.87304 1.10464 3752
6 33 61.2624 0.257203 5.46578 0.84137 3774
6 34 61.1418 0.155922 4.72231 1.28328 10084
6 35 60.2301 0.274151 4.64872 1.01746 2715
6 36 60.8709 0.236249 4.87819 1.06055 4281
6 37 0 0 0 0 0
6 38 61.0241 0.327807 4.325 0.971552 2341
6 39 61.845 0.267184 4.35073 1.06414 3356
6 40 61.4853 0.227596 5.00014 1.02604 4459
6 41 61.1831 0.219203 5.29869 1.20347 4700
6 42 61.8916 0.224098 4.85734 1.54375 5101
6 43 61.1996 0.203855 5.06043 0.688657 5739
6 44 60.9099 0.237092 4.99642 0.953247 4063
6 45 61.1826 0.226857 4.40214 0.996853 4731
6 46 60.2094 0.146757 4.31131 0.961249 10250
6 47 60.174 0.36056 5.25366 1.09418 1860
6 48 61.8348 0.213413 4.53846 0.842569 5382
6 49 61.045 0.185833 4.46186 1.03415 6133
6 50 61.3894 0.233811 4.77146 0.98256 4283
6 51 66.4507 0.241901 5.27683 1.48913 4469
6 52 61.0864 0.174757 4.96309 0.747092 7249
6 53 61.0994 0.269982 5.03239 1.12358 3067
6 54 60.8277 0.209129 4.60771 1.12129 4959
6 55 61.8131 0.195465 4.80605 1.17564 6193
6 56 66.2356 0.296646 4.94953 1.14661 3468
6 57 62.281 0.259061 4.44395 1.18188 3856
6 58 60.5586 0.222731 4.34901 0.677077 4573
6 59 60.6589 0.151069 4.68084 0.891142 11586
6 60 61.2051 0.268238 5.00124 0.849627 3124
6 61 61.1333 0.185869 4.77709 1.18514 7167
6 62 61.1812 0.148722 4.96311 0.91677 10586
6 63 61.2137 0.219297 4.32547 0.94123 5401
7 0 63.4643 0.236647 5.77981 0.998521 4939
7 1 63.7332 0.26389 4.8705 0.986506 4239
7 2 59.0812 0.239298 4.3405 1.00227 4138
7 3 0 0 0 0 0
7 4 58.7894 0.19585 5.13862 0.859998 6030
7 5 58.8631 0.202369 5.05093 1.2279 5527
7 6 58.4582 0.243699 5.04087 1.24298 4095
7 7 62.7879 0.152928 4.68534 1.04906 11112
7 8 59.034 0.191155 4.46063 1.43831 6071
7 9 0 0 0 0 0
7 10 0 0 0 0 0
7 11 58.2136 0.175516 4.7514 1.11494 6768
7 12 58.8493 0.181855 4.96993 0.872713 6037
7 13 58.4654 0.158957 4.54373 1.15561 9239
7 14 59.5689 0.181538 4.88118 1.3457 6600
7 15 59.2114 0.171269 4.93783 1.40489 7116
7 16 59.1818 0.17976 4.32968 1.22609 7638
7 17 58.6317 0.174013 4.65801 0.947449 6614
7 18 59.5378 0.175886 4.76842 1.2627 6889
7 19 58.3603 0.127964 5.01101 0.883526 12899
7 20 59.4821 0.211159 4.84507 1.04861 5128
7 21 57.9407 0.21768 5.07901 1.39888 4442
7 22 60.8133 0.1703 4.81063 1.2405 7937
7 23 59.2697 0.21059 4.6588 1.22503 5219
7 24 59.1727 0.211582 4.69475 0.859498 5779
7 25 63.5677 0.153542 4.75286 1.13044 10192
7 26 59.4907 0.171854 4.53149 1.01466 7596
7 27 59.7529 0.202165 4.48393 1.08026 5335
7 28 60.2669 0.173313 5.18375 1.36005 7274
7 29 59.0971 0.206189 5.04504 0.751204 5066
7 30 59.3968 0.218451 5.11955 1.09608 5080
7 31 63.9994 0.152908 5.1029 1.18733 10147
7 32 60.3098 0.172317 4.55074 0.8528 7211
7 33 59.4771 0.19665 4.80351 1.42501 5444
7 34 63.9472 0.193897 5.08625 1.05593 6787
7 35 56.4729 0.141855 4.82972 1.76002 11227
7 36 60.0642 0.215867 5.84068 1.30414 5125
7 37 0 0 0 0 0
7 38 64.3058 0.144962 5.34554 0.856517 12046
7 39 59.7869 0.136759 4.687 0.994251 11403
7 40 59.6516 0.211445 5.09434 0.972168 5317
7 41 58.9539 0.158129 4.66091 1.06839 7992
7 42 60.1823 0.195139 5.18206 0.982035 5911
7 43 58.7621 0.188128 5.01204 0.897477 5725
7 44 60.0178 0.157834 4.78455 1.17451 8672
7 45 59.1483 0.184852 4.47672 0.924542 6244
7 46 58.1269 0.175766 4.7308 0.943682 6622
7 47 58.2148 0.118785 4.38624 1.29143 13488
7 48 59.7884 0.199325 4.78759 0.948325 6022
7 49 59.8878 0.179986 4.97886 1.65304 6677
7 50 60.1581 0.178441 5.00748 1.15156 6798
7 51 65.1572 131.429 13.0866 43.3472 11643
7 52 58.5567 0.178073 4.65441 0.877851 6793
7 53 59.9543 0.130481 4.79168 1.04723 12675
7 54 59.3833 0.183805 4.76071 1.3255 6791
7 55 59.1303 0.175262 4.95012 0.889544 7091
7 56 59.3063 0.133593 4.85444 1.38236 10948
7 57 58.6491 0.132545 4.77067 1.05857 11582
7 58 58.9458 0.186121 5.35785 0.73862 6727
7 59 59.277 0.169226 4.83966 1.29789 7773
7 60 59.0445 0.134623 4.60395 1.33506 10845
7 61 58.1482 0.129928 4.39289 1.27038 12318
7 62 58.3454 0.156136 4.26592 0.821071 8552
7 63 58.4886 0.166235 4.67655 1.27225 7305
8 0 58.1421 0.173725 4.5171 1.06154 7415
8 1 58.7032 0.199384 4.69058 0.873668 6408
8 2 58.2698 0.198 4.51019 1.03234 5793
8 3 59.1954 0.185073 4.4592 1.08412 6042
8 4 59.0276 0.20492 5.27001 1.12674 5095
8 5 0 0 0 0 0
8 6 62.3844 0.227788 5.32355 0.941203 4984
8 7 61.8602 0.179372 4.66959 1.15695 7921
8 8 58.8174 0.181943 4.88485 1.28212 6289
8 9 57.4362 0.204802 4.38188 0.963595 5329
8 10 62.785 0.193529 4.65815 1.67101 6859
8 11 58.1611 0.203814 4.76215 1.20162 5489
8 12 59.2573 0.204212 4.50368 1.28226 5844
8 13 60.3889 0.179229 4.73126 1.14062 6553
8 14 58.6251 0.168161 5.02215 0.90065 8034
8 15 60.1946 0.210541 4.96702 0.797968 5268
8 16 58.2776 0.173001 4.95043 0.99933 7115
8 17 58.6576 0.192441 4.46623 1.09927 6077
8 18 60.6252 0.228435 4.73574 0.926377 5034
8 19 59.0777 0.186783 4.88635 0.886196 6686
8 20 59.3819 0.210858 4.51094 1.38576 4645
8 21 58.745 0.212545 4.44067 1.02321 5183
8 22 60.4184 0.175266 4.95016 1.19061 7456
8 23 59.3653 0.211222 4.59203 1.34243 5361
8 24 58.5454 0.176871 5.13631 1.16676 6890
8 25 58.9649 0.191107 4.86131 1.20169 6235
8 26 59.0165 0.184223 4.72762 1.30578 6864
8 27 60.5798 0.215757 5.10905 0.935006 5127
8 28 60.3719 0.195449 4.87919 1.30772 6186
8 29 58.7763 0.188529 5.13442 0.575432 6050
8 30 60.2172 0.229783 4.90145 0.968937 4747
8 31 59.168 0.163919 4.91349 0.828652 8583
8 32 59.9523 0.16826 4.25363 1.16169 8358
8 33 60.3827 0.191381 4.88998 1.0098 6564
8 34 0 0 0 0 0
8 35 0 0 0 0 0
8 36 60.0702 0.194468 5.35005 0.853299 6189
8 37 0 0 0 0 0
8 38 59.056 0.16289 4.72363 0.745784 8344
8 39 59.1529 0.147269 5.10555 0.91498 10323
8 40 0 0 0 0 0
8 41 60.433 0.164161 5.00773 1.25639 7835
8 42 60.1074 0.195456 5.18231 1.00824 5825
8 43 58.7073 0.162293 4.70697 0.795437 7674
8 44 59.6708 0.16231 4.8509 0.891921 8120
8 45 60.5315 0.189538 4.94546 1.28854 6294
8 46 59.0516 0.162808 4.41357 1.15162 8768
8 47 59.4533 0.122966 4.59032 1.22958 13700
8 48 60.4779 0.210124 4.52493 0.892275 6023
8 49 59.5401 0.183219 4.88257 0.762159 6787
8 50 60.5326 0.172806 4.99874 1.00643 7237
8 51 58.4124 0.125026 4.48788 0.898248 13535
8 52 59.1502 0.176876 4.12975 0.90859 7116
8 53 64.0233 0.134116 4.78075 0.934665 13331
8 54 59.7972 0.181781 4.76945 1.38975 6433
8 55 59.0319 0.168657 4.25381 1.25735 8556
8 56 59.5748 0.1456 4.83224 0.791369 10084
8 57 58.4739 0.136052 4.7644 1.16297 11582
8 58 59.7067 0.193139 4.79543 1.18576 6276
8 59 58.1952 0.158446 4.68069 1.17079 8332
8 60 59.9613 0.152645 4.52302 0.946288 10599
8 61 58.9643 0.120413 4.84656 0.878559 14960
8 62 58.1862 0.155801 4.76519 0.893274 8728
8 63 58.7697 0.167613 4.85086 1.13921 7577
9 0 60.1775 0.110981 4.65409 1.44786 17127
9 1 59.7966 0.125596 4.73244 0.9852 13147
9 2 59.8526 0.146414 4.64021 1.40557 10573
9 3 61.4019 0.144109 4.80833 1.43279 10815
9 4 61.1801 0.196254 5.30308 1.02939 6127
9 5 65.7202 0.204107 5.1653 1.08913 6576
9 6 0 0 0 0 0
9 7 59.0717 0.14024 4.66985 1.31916 11296
9 8 60.9569 0.188631 4.69383 1.22957 6956
9 9 60.0654 0.109772 4.67196 0.753697 17590
9 10 59.6991 0.10333 4.59636 1.0305 21601
9 11 60.8728 0.197939 5.0486 1.20734 6193
9 12 61.1569 0.170165 4.62653 1.08034 8225
9 13 60.1286 0.141925 4.6839 1.19643 10849
9 14 60.7973 0.144055 5.01514 1.02624 10675
9 15 60.9557 0.157106 4.82338 1.17944 8653
9 16 59.3388 0.0987499 4.70807 0.858878 21242
9 17 61.7206 0.18066 4.95698 1.22402 8161
9 18 61.148 0.183706 4.64462 0.917227 7065
9 19 60.0726 0.142604 4.75676 0.913789 10599
9 20 61.3847 0.18568 5.22231 1.02948 6336
9 21 60.5011 0.129089 4.76158 1.02282 13138
9 22 60.5422 0.136904 4.86234 1.09334 12191
9 23 61.1862 0.190698 4.65038 1.45114 6630
9 24 61.6894 0.160124 5.01846 1.15861 9105
9 25 65.2288 0.152521 5.20978 0.892686 11040
9 26 62.0436 0.142482 4.88552 1.07768 10295
9 27 66.0174 0.168041 5.66044 1.11388 8790
9 28 59.7427 0.136432 4.93576 0.965423 11178
9 29 61.0254 0.156431 4.76091 1.12765 8776
9 30 61.7521 0.171455 4.87748 1.10721 7219
9 31 65.9182 0.213874 5.50996 1.19342 5654
9 32 61.0463 0.197546 4.83162 1.22669 5848
9 33 61.8194 0.196703 5.02532 1.04264 5841
9 34 62.0558 0.142125 5.08672 1.03511 10920
9 35 0 0 0 0 0
9 36 60.9885 0.195799 4.88867 0.791915 5910
9 37 0 0 0 0 0
9 38 0 0 0 0 0
9 39 55.9207 0.170743 4.36098 0.947042 6370
9 40 61.4368 0.221228 4.49561 1.35898 5322
9 41 0 0 0 0 0
9 42 0 0 0 0 0
9 43 0 0 0 0 0
9 44 0 0 0 0 0
9 45 0 0 0 0 0
9 46 0 0 0 0 0
9 47 0 0 0 0 0
9 48 0 0 0 0 0
9 49 0 0 0 0 0
9 50 0 0 0 0 0
9 51 0 0 0 0 0
9 52 0 0 0 0 0
9 53 0 0 0 0 0
9 54 59.6089 0.168887 4.65298 1.08579 7214
9 55 0 0 0 0 0
9 56 56.51 0.168155 4.65305 0.908546 7186
9 57 59.1507 0.16824 4.75988 1.15134 7580
9 58 60.0104 0.167558 4.47457 1.05045 8102
9 59 60.0216 0.144009 4.76764 1.04072 10579
9 60 54.3632 0.290385 4.51969 0.948553 2704
9 61 56.2434 0.136095 4.3839 1.53724 11689
9 62 59.968 0.134874 4.8161 1.2303 12922
9 63 59.6893 0.168279 4.72801 1.50398 8185
10 0 60.6216 0.139331 6.50434 3.53785 11799
10 1 61.1718 0.14905 4.95509 1.30575 10505
10 2 61.5905 0.163585 4.78511 1.40319 8976
10 3 0 0 0 0 0
10 4 61.7621 0.212484 4.99232 1.08915 5385
10 5 63.238 0.198529 5.06508 1.32827 6595
10 6 61.8748 0.187629 4.76833 1.12263 7729
10 7 60.9395 0.155986 4.6137 1.39821 9109
10 8 62.5634 0.172612 4.96567 1.29487 7670
10 9 66.6158 0.177249 5.57131 1.40393 8491
10 10 63.266 0.149148 5.2194 1.28263 10602
10 11 61.3904 0.201074 5.08147 0.76986 6375
10 12 62.4245 0.185943 5.07245 1.20555 6665
10 13 62.8564 0.184596 5.30435 1.18619 6904
10 14 60.4519 0.149807 4.88671 1.13193 9685
10 15 62.7155 0.202849 5.12871 1.22666 5976
10 16 66.1713 0.152882 5.08149 1.14004 10912
10 17 62.377 0.181371 5.03972 1.04823 7402
10 18 62.9839 0.227271 4.64981 1.33056 5370
10 19 62.3051 0.200681 4.86187 1.1718 7027
10 20 67.3453 0.210153 5.74168 0.85387 6238
10 21 63.5794 0.173747 4.78454 0.910213 8009
10 22 62.7307 0.160316 4.99636 1.23324 8901
10 23 62.5401 0.180899 5.0472 1.05339 7264
10 24 61.62 0.166716 5.05907 1.12614 8506
10 25 61.896 0.172002 5.00113 0.988079 8060
10 26 67.0603 0.186157 4.76822 1.60726 8123
10 27 62.1524 0.192218 5.04183 1.34969 6284
10 28 67.2253 0.191668 5.41088 0.846061 7807
10 29 60.9916 0.160135 4.64588 1.04417 8619
10 30 62.4418 0.200118 4.71901 1.12761 6079
10 31 67.8305 0.187636 4.83885 1.3307 8169
10 32 62.7066 0.173286 4.8441 1.20255 7650
10 33 62.2138 0.191061 4.95246 0.865807 6372
10 34 61.7571 0.157894 4.96493 0.854104 9960
10 35 67.4845 0.203784 5.46688 1.46875 7413
10 36 62.7204 0.204968 5.03692 1.41619 6078
10 37 0 0 0 0 0
10 38 67.4957 0.177207 5.26213 1.30076 8973
10 39 66.7856 0.159236 5.13318 1.08262 10160
10 40 62.3081 0.198691 5.20209 0.844344 5907
10 41 67.2451 0.196316 4.85919 1.42747 7048
10 42 62.4328 0.209004 4.65233 1.02535 5768
10 43 61.4505 0.168671 4.8425 0.798132 8442
10 44 62.4354 0.162924 4.86418 1.22007 8729
10 45 62.7543 0.193911 4.81461 1.143 6243
10 46 61.5446 0.151619 4.84036 0.977216 9896
10 47 67.6158 0.140341 5.09286 1.28285 13161
10 48 62.693 0.205243 4.19247 1.42276 5744
10 49 62.3022 0.188656 4.56868 0.852602 7002
10 50 63.076 0.182596 5.55071 0.944346 7624
10 51 65.9921 0.127559 4.91576 1.21579 15144
10 52 62.1341 0.169001 4.85534 0.978703 8258
10 53 61.3675 0.129259 4.89077 1.0953 13115
10 54 67.5419 0.198487 5.08163 1.05099 6996
10 55 67.9503 0.159882 5.25579 1.06284 10835
10 56 61.777 0.152795 4.68215 1.31915 10094
10 57 66.5145 0.702793 9.61011 27.1108 12168
10 58 62.2398 0.17489 4.92015 1.25266 7006
10 59 60.9321 0.155231 4.4808 0.616786 9301
10 60 66.86 0.159026 5.03185 0.745831 10196
10 61 67.1378 0.122966 5.05058 1.0984 17652
10 62 62.5361 0.14617 5.08611 1.01857 11411
10 63 66.7546 0.177913 5.23669 1.10295 8839
11 0 63.1314 0.114291 5.0569 1.2976 20373
11 1 68.7541 0.137462 4.98118 0.968493 15202
11 2 70.285 0.16498 5.47818 1.26815 10219
11 3 62.54 0.187265 4.87439 1.01818 7039
11 4 65.2642 0.220764 4.79341 1.45492 5595
11 5 63.4557 0.199694 5.13671 0.918106 6554
11 6 60.8513 0.148336 4.73015 1.34481 9090
11 7 59.5018 0.179781 4.6993 1.21068 7003
11 8 63.9424 0.190229 4.67285 0.980602 7328
11 9 60.8124 0.158287 4.86165 0.760293 9136
11 10 60.753 0.146828 4.32086 1.16582 10639
11 11 64.2388 0.206494 5.82191 1.13961 6217
11 12 63.5153 0.185557 5.21075 0.850882 6993
11 13 61.6622 0.185894 4.73529 0.978106 6330
11 14 64.0112 0.130295 4.96475 1.17162 13344
11 15 62.4797 0.202421 5.03747 1.57398 5909
11 16 60.385 0.160598 5.53271 1.39171 10113
11 17 63.4525 0.175512 5.30274 1.19929 8632
11 18 62.9552 0.199177 5.25435 0.972782 6025
11 19 59.3099 0.198427 4.34852 1.21351 5958
11 20 63.6156 0.208142 4.72479 0.973598 6033
11 21 68.9908 0.167595 5.22243 0.990562 9953
11 22 62.1705 0.181366 4.64469 1.18072 7362
11 23 64.3354 0.203647 5.43868 0.645404 6307
11 24 64.3126 0.152855 5.04175 0.910339 10105
11 25 59.9549 0.18434 5.10454 1.38402 6528
11 26 64.5617 0.152109 4.65987 0.940792 10720
11 27 63.3311 0.200382 5.20893 0.900446 5938
11 28 61.5829 0.190769 4.55159 1.26784 6713
11 29 63.5894 0.162339 4.92362 1.17261 8902
11 30 63.7426 0.189189 4.96898 1.20964 6365
11 31 61.5063 0.188323 4.47168 0.903543 7090
11 32 61.73 0.177727 5.26092 1.05689 7169
11 33 62.4652 0.183931 4.89213 1.18482 6527
11 34 63.7647 0.145468 5.02835 0.81527 11747
11 35 62.0635 0.168421 4.75204 0.896176 8528
11 36 63.9588 0.196805 4.71543 0.964719 6596
11 37 0 0 0 0 0
11 38 59.9513 0.135296 4.01873 0.987643 12938
11 39 62.7237 0.155371 4.85233 1.36494 9664
11 40 63.4241 0.207336 4.66774 1.08409 6142
11 41 61.4013 0.168106 5.15287 1.09476 8912
11 42 67.9052 0.049313 0.312695 5.35059 5259
11 43 63.3891 0.169533 5.16135 0.815843 8699
11 44 61.7795 0.130922 4.83266 0.9457 13257
11 45 62.4027 0.17656 4.87954 0.97578 7689
11 46 62.7781 0.142574 4.45532 0.804796 11748
11 47 61.3243 0.118323 4.84647 0.68172 16085
11 48 63.2979 0.199678 5.15658 1.18175 6187
11 49 64.2361 0.206806 5.06919 1.37799 5737
11 50 62.6994 0.149306 4.91941 0.99965 10054
11 51 62.653 0.146427 4.83424 1.06545 11051
11 52 63.6477 0.177398 4.92592 0.865394 7615
11 53 63.2797 0.116561 5.21848 1.00444 17190
11 54 63.1645 0.182353 5.06604 1.12058 7904
11 55 63.7577 0.157747 5.17548 1.19261 9371
11 56 61.951 0.172378 5.25197 1.12735 7753
11 57 63.0241 0.181405 4.71036 0.865154 7911
11 58 62.443 0.185566 5.15535 0.818883 6508
11 59 63.6663 0.162494 4.92806 1.28276 9232
11 60 62.117 0.134555 5.00954 0.932097 12961
11 61 62.9492 0.128965 5.10976 1.41782 13957
11 62 63.1524 0.145108 4.52996 1.15143 11280
11 63 63.0365 0.193687 5.11374 0.734031 6639
12 0 59.4245 0.111996 4.71373 1.18686 18482
12 1 59.4649 0.121071 4.52604 0.88918 15520
12 2 61.3456 0.131718 5.06585 1.12522 13574
12 3 62.4475 0.183737 4.82173 1.25989 7768
12 4 62.6401 0.191709 4.69594 1.1445 6651
12 5 61.5555 0.182689 4.91173 1.18269 7490
12 6 58.2892 0.138346 6.25826 4.17389 11087
12 7 61.0663 0.159955 5.12077 1.57521 9288
12 8 61.4314 0.170074 5.16466 1.07787 8871
12 9 66.5656 0.161467 5.29968 1.32017 11209
12 10 60.6716 0.131217 4.69334 0.922493 13655
12 11 60.9676 0.179515 4.96269 1.05453 7678
12 12 66.8797 0.190135 5.78122 1.28315 7735
12 13 62.722 0.166939 4.73584 1.34883 8406
12 14 60.7453 0.136296 4.43932 1.50671 11802
12 15 62.8442 0.200794 4.96625 1.05696 6949
12 16 66.0459 0.140035 5.18832 1.33416 13744
12 17 61.2527 0.171319 5.32781 1.34613 8714
12 18 61.8936 0.180753 4.70228 1.23186 6853
12 19 67.1853 0.1867 5.15477 0.973368 8702
12 20 61.852 0.196001 5.04113 1.23606 6238
12 21 59.4716 0.142586 4.80029 1.16993 11160
12 22 62.2578 0.162006 5.1801 1.21871 8975
12 23 67.6611 0.0754323 0.457605 7.90056 7194
12 24 61.4834 0.155256 4.99732 1.08926 10669
12 25 62.5014 0.176892 4.81633 0.924912 8092
12 26 60.6209 0.156649 4.83445 1.32073 9615
12 27 62.7423 0.191417 4.61976 1.28132 6555
12 28 62.7388 0.17512 5.35864 1.11148 7856
12 29 61.7293 0.189072 5.00461 1.11421 7538
12 30 62.1065 0.201901 4.7766 1.10574 6207
12 31 67.3999 0.202278 5.01034 1.19641 7191
12 32 62.9266 0.187569 5.15508 1.27624 6936
12 33 62.6427 0.205878 5.09607 1.296 5960
12 34 60.7433 0.166466 5.16384 0.992794 8692
12 35 62.6221 0.182222 5.0543 1.14975 7878
12 36 61.8925 0.210516 4.90354 1.14983 5743
12 37 0 0 0 0 0
12 38 61.7754 0.151466 4.93179 1.15674 10311
12 39 66.0498 0.194133 5.45881 0.903271 7231
12 40 0 0 0 0 0
12 41 64.1371 0.183946 5.20504 1.32322 7435
12 42 62.0358 0.21264 4.79741 1.14743 5881
12 43 61.1964 0.189485 5.19914 1.27496 6839
12 44 66.6159 0.164726 5.46486 0.9379 10095
12 45 62.5771 0.197162 5.26025 0.970273 6389
12 46 61.6054 0.179136 4.7885 1.16868 7679
12 47 66.1588 0.168301 5.29925 1.43419 9561
12 48 63.1377 0.197405 5.26973 1.36599 5952
12 49 60.9126 0.19309 4.98854 1.05916 6642
12 50 0 0 0 0 0
12 51 61.928 0.183895 4.52843 0.929931 7873
12 52 60.8276 0.179209 5.07164 1.07727 7264
12 53 62.2891 0.155078 4.90023 1.35936 9307
12 54 63.7498 0.177378 5.06882 1.12326 7524
12 55 61.7519 0.169652 4.76768 1.0543 8961
12 56 62.6144 0.187297 4.85022 1.05685 7251
12 57 61.8182 0.170806 5.13066 1.14527 7781
12 58 62.9594 0.182977 5.52555 0.659823 7422
12 59 60.5261 0.170019 5.00498 1.2252 7883
12 60 62.9791 0.184026 5.0029 1.00188 7691
12 61 60.0913 0.156692 4.86255 1.14135 9086
12 62 61.213 0.152877 4.63581 1.6259 10250
12 63 61.4162 0.168992 4.59734 1.37827 8211
13 0 63.8694 0.15466 5.08489 1.27073 10451
13 1 64.1247 0.171557 5.15496 0.919348 9103
13 2 64.6757 0.199096 5.18832 0.9452 7187
13 3 63.7509 0.193012 4.96672 1.1595 7208
13 4 64.3197 0.219286 5.04815 1.51352 5726
13 5 62.8845 0.185333 5.34576 1.10518 7243
13 6 63.9687 0.197857 4.92793 1.42616 7243
13 7 62.4928 0.177878 4.97432 1.02049 8153
13 8 63.2647 0.189284 4.65078 0.780765 7435
13 9 64.9637 0.193087 5.73668 1.05214 7551
13 10 69.139 0.194966 6.04915 1.14573 8268
13 11 0 0 0 0 0
13 12 63.1785 0.193405 5.32634 1.18942 7721
13 13 64.2037 0.199053 5.54294 1.20339 6645
13 14 69.4703 0.158584 5.24434 1.29667 12264
13 15 65.4671 0.215026 5.30902 1.19571 6366
13 16 72.2053 0.0086971 0.0960903 20.7895 7955
13 17 63.8518 0.188228 5.3271 1.11415 7516
13 18 64.2114 0.215803 4.68586 1.16783 6127
13 19 65.1229 0.0352469 0.0480088 19.7056 6560
13 20 63.3914 0.216553 5.30042 1.05709 5384
13 21 63.8746 0.188365 5.17711 1.18177 8002
13 22 64.7871 0.186788 5.2257 1.42549 8338
13 23 63.9606 0.230128 5.12766 1.25245 5705
13 24 64.1581 0.164925 5.09868 1.24725 9825
13 25 70.6344 0.215631 5.82283 1.31515 6985
13 26 65.8565 0.176965 4.89612 0.802163 9192
13 27 64.5616 0.216165 5.42981 0.856861 6401
13 28 64.8407 0.192826 5.67225 1.25168 7283
13 29 69.5281 0.23901 16.552 34.3964 7711
13 30 63.7711 0.223596 4.9612 0.883315 5821
13 31 70.491 0.185597 5.58359 1.31214 8743
13 32 64.281 0.173066 5.34206 0.868417 8961
13 33 63.9629 0.195377 4.98374 0.785971 7103
13 34 63.8798 0.168816 4.98883 0.727646 9190
13 35 69.8484 0.18176 5.54677 1.07902 9125
13 36 63.6105 0.204402 5.3068 1.16459 6576
13 37 0 0 0 0 0
13 38 70.4284 0.191734 5.5256 1.66109 8207
13 39 61.2487 0.149173 4.90857 1.3741 10877
13 40 63.6584 0.213226 5.19152 0.986333 6006
13 41 70.0755 0.176428 5.30721 0.794817 9458
13 42 64.9743 0.212719 5.2073 1.14144 6319
13 43 65.098 0.181247 5.25142 1.48803 8657
13 44 69.8141 0.198418 5.09809 1.09018 8448
13 45 64.1011 0.184255 5.35442 1.16065 7726
13 46 64.3299 0.159184 5.15503 1.52224 10842
13 47 61.3495 0.160084 4.76617 0.918393 10838
13 48 64.3742 0.202915 5.06016 0.930582 7167
13 49 0 0 0 0 0
13 50 64.3866 0.185475 5.33866 0.900737 7830
13 51 61.8556 0.119385 4.98231 1.19132 17256
13 52 64.4822 0.173595 5.43399 1.33483 9181
13 53 62.0218 0.157004 4.78171 1.23103 11262
13 54 64.6329 0.188688 5.08584 1.35378 7607
13 55 0 0 0 0 0
13 56 63.5308 0.157919 4.79869 1.50688 10550
13 57 63.6063 0.155632 5.05779 1.18368 10886
13 58 64.8949 0.188568 4.9642 0.982586 7144
13 59 64.9607 0.151722 4.80354 0.738066 12041
13 60 61.5809 0.157956 5.4352 1.40518 10105
13 61 61.9755 0.102338 4.9174 1.3271 22305
13 62 64.0998 0.135031 5.21076 0.931428 13700
13 63 65.4183 0.194648 4.50321 1.20919 7749
14 0 60.431 0.136899 4.9539 0.758983 12224
14 1 61.8646 0.140611 5.04388 1.75245 11616
14 2 62.3955 0.144073 5.11981 0.764151 10971
14 3 62.2875 0.179408 4.77318 1.55519 6938
14 4 62.7437 0.212765 5.22211 0.853318 5783
14 5 62.4616 0.195543 4.94618 1.44919 6208
14 6 66.6485 0.162813 5.18882 1.53484 9934
14 7 66.0652 0.171501 5.39379 0.774856 8833
14 8 62.4649 0.185111 5.04269 1.26247 6982
14 9 66.4384 0.153425 5.18566 1.38175 10590
14 10 66.9511 0.143943 5.22639 1.11626 12561
14 11 61.4122 0.20639 4.55126 0.881068 6297
14 12 66.9549 0.214103 5.71073 1.25602 6541
14 13 66.8845 0.179157 4.88605 1.18372 8180
14 14 61.9254 0.172716 4.46715 1.05132 7794
14 15 62.9991 0.205128 4.8777 0.924272 6457
14 16 62.5137 0.139586 5.00185 1.22588 12453
14 17 62.3174 0.199957 4.92445 1.19822 6483
14 18 67.0602 0.216486 7.16952 2.07508 6044
14 19 66.8992 0.181882 5.26682 1.79425 8424
14 20 62.9766 0.239583 5.0215 0.937676 5175
14 21 61.6432 0.141931 4.81731 1.25442 10777
14 22 67.4323 0.176866 5.33028 0.841893 8474
14 23 62.4209 0.218322 5.14359 0.913706 5563
14 24 62.1235 0.185142 4.79872 1.45758 7302
14 25 62.0549 0.179049 4.87876 1.05541 7226
14 26 61.7218 0.187255 4.56162 1.10793 7456
14 27 67.1542 0.212817 5.38611 1.02156 5686
14 28 66.7868 0.193241 5.23982 0.586834 6873
14 29 61.5062 0.203485 4.55055 1.35675 5700
14 30 63.1163 0.218549 5.11739 0.92624 5191
14 31 62.953 0.18922 5.26824 1.60801 6436
14 32 63.5285 0.199265 5.12119 1.11323 6281
14 33 66.4525 0.231572 5.44586 1.43099 5272
14 34 61.7838 0.186283 4.95707 0.853471 6391
14 35 61.3519 0.162626 4.48366 1.21447 8632
14 36 63.1096 0.214536 5.20413 1.5238 4900
14 37 0 0 0 0 0
14 38 62.5297 0.183673 4.7497 1.22664 7607
14 39 61.2181 0.255953 4.73756 1.22012 4004
14 40 62.7142 0.23059 5.25673 0.961597 4703
14 41 62.3226 0.166124 4.81897 1.25402 8220
14 42 62.7759 0.202797 5.37686 0.750325 5923
14 43 62.0834 0.197086 4.9405 1.16775 6144
14 44 66.6536 0.191378 5.23632 0.973925 7237
14 45 63.2613 0.19834 5.56971 1.2632 6378
14 46 62.9909 0.191254 5.24032 0.990436 6483
14 47 61.6679 0.217403 5.11629 1.2256 5284
14 48 61.8474 0.194103 4.83883 1.00099 6088
14 49 61.9151 0.184837 4.8692 1.45555 6669
14 50 61.5694 0.196182 4.9215 1.30458 5658
14 51 61.5395 0.218678 4.94414 1.23358 5128
14 52 61.5726 0.173034 4.75993 1.23765 7688
14 53 61.4873 0.220734 4.38983 1.16771 5254
14 54 67.151 0.246643 5.13099 1.28564 5205
14 55 61.7492 0.189095 5.65705 1.24432 6799
14 56 66.019 0.260012 5.23468 1.18364 3842
14 57 66.5809 0.256524 5.21527 1.26878 4447
14 58 62.3614 0.216188 5.3997 0.927473 5152
14 59 61.3878 0.162559 4.90827 1.23728 8867
14 60 65.4775 0.251365 5.45808 1.14317 4409
14 61 60.4663 0.1956 5.13028 0.82143 5879
14 62 60.7372 0.173975 4.56478 1.4224 8148
14 63 61.2028 0.201893 4.77073 1.01299 5964
15 0 61.3405 0.198364 4.95391 1.01577 6622
15 1 61.1438 0.217997 5.03377 0.795802 5373
15 2 61.3138 0.251856 4.73328 1.02203 4192
15 3 0 0 0 0 0
15 4 60.8661 0.203762 5.18691 1.02454 5843
15 5 61.4795 0.213153 4.99519 0.964593 5148
15 6 60.3533 0.264299 4.07344 1.06 3961
15 7 0 0 0 0 0
15 8 62.2248 0.220575 4.91984 1.13469 5321
15 9 0 0 0 0 0
15 10 0 0 0 0 0
15 11 61.4345 0.207803 5.00095 0.886871 6193
15 12 61.2106 0.200528 5.48507 1.31583 5982
15 13 60.9375 0.157905 4.76268 1.17999 9291
15 14 62.3551 0.160396 4.65897 1.3034 9598
15 15 62.1369 0.185973 5.25725 0.77919 7499
15 16 61.6358 0.219068 5.20177 1.32164 5599
15 17 62.3167 0.166897 5.27556 1.01192 8128
15 18 62.156 0.195014 4.68561 1.29739 6806
15 19 60.6692 0.166779 4.91315 1.01896 8908
15 20 63.1519 0.237405 4.79355 1.29816 4780
15 21 61.2622 0.248129 4.55854 1.27801 4512
15 22 61.226 0.167068 5.0798 0.802926 8162
15 23 62.5749 0.221076 5.11814 1.26242 5311
15 24 62.465 0.181673 4.95817 1.52107 7520
15 25 60.2403 0.195377 4.98856 1.2624 6280
15 26 62.984 0.148464 4.76493 1.02391 10680
15 27 63.0987 0.224052 4.83506 1.41468 5849
15 28 61.0419 0.187988 5.17059 1.03103 6507
15 29 61.7084 0.208691 4.95367 0.85905 5948
15 30 62.9741 0.227281 5.22097 1.26878 5401
15 31 59.6165 0.199699 4.99971 1.31635 6077
15 32 61.4009 0.198738 4.98902 1.32861 6159
15 33 63.351 0.216035 5.27037 1.48421 5632
15 34 63.7403 0.187484 4.976 1.21997 7047
15 35 58.959 0.18695 4.71975 1.07705 6856
15 36 62.3885 0.226434 5.32244 0.902232 5730
15 37 0 0 0 0 0
15 38 60.4369 0.177221 5.03125 1.18963 7156
15 39 61.8512 0.144597 4.94453 0.890955 11380
15 40 0 0 0 0 0
15 41 60.3748 0.185956 5.15088 0.642933 6887
15 42 62.3727 0.195841 4.76819 1.13918 6396
15 43 62.4813 0.201509 4.62109 1.58607 6398
15 44 61.6983 0.176349 4.68789 0.950176 7728
15 45 62.5056 0.198151 4.71652 1.06287 6267
15 46 62.1212 0.189276 4.76115 1.03781 6982
15 47 61.5967 0.138935 4.8939 1.13823 11594
15 48 62.2659 0.184556 5.26201 1.10565 6720
15 49 62.554 0.204933 4.90324 1.19553 6311
15 50 62.1157 0.190986 5.02327 1.05384 7121
15 51 62.7021 0.145015 5.09616 1.09846 11623
15 52 61.3286 0.178021 4.80391 0.987671 7380
15 53 61.8137 0.135448 4.81018 1.10487 12494
15 54 62.6336 0.175578 5.27433 1.17658 7152
15 55 62.7311 0.188976 5.01124 1.08089 7493
15 56 62.2701 0.148066 4.72074 1.58364 10658
15 57 60.0054 0.1427 4.20136 1.00986 11279
15 58 62.3459 0.188206 4.71671 1.03521 6797
15 59 62.341 0.174245 4.93512 1.11508 7938
15 60 62.5141 0.145049 5.01541 1.16989 11117
15 61 60.8014 0.128933 4.78338 0.846115 12950
15 62 62.4219 0.16663 4.78098 1.50724 8623
15 63 60.8538 0.189635 4.57535 1.11192 7114
