#mip results dif_1_1_1
#chip channel mpv empv widthmpv chi2ndf nentries
0 0 65.7552 0.152154 4.35266 1.11165 10859
0 1 61.5175 0.182426 4.88988 1.16939 6575
0 2 66.0505 0.201301 5.11311 1.17401 6034
0 3 55.988 0.190521 4.58356 1.01045 5429
0 4 63.8012 0.229181 4.86684 1.18084 4166
0 5 0 0 0 0 0
0 6 61.9591 0.221263 5.04062 1.14319 5091
0 7 62.0677 0.328773 3.7866 1.22291 2654
0 8 60.8165 0.198025 4.36349 0.702769 5417
0 9 61.5491 0.19732 4.81056 1.00132 6026
0 10 66.5021 0.202546 4.90237 1.38077 5845
0 11 62.8043 0.22984 5.51499 1.09948 4841
0 12 60.8857 0.181546 4.58881 1.15671 5982
0 13 63.9479 0.237961 4.38271 1.30937 4267
0 14 62.4918 0.152021 4.54686 1.04424 9807
0 15 65.0946 0.236489 4.97571 0.597016 4276
0 16 46.9158 0.254179 3.10576 0.887893 2975
0 17 63.6465 0.213726 4.61204 0.739393 5210
0 18 62.0842 0.213281 4.08475 0.974165 4637
0 19 63.2063 0.320691 4.54998 0.991001 2181
0 20 67.1606 0.24043 5.41504 0.82948 4217
0 21 0 0 0 0 0
0 22 59.4731 0.193025 4.40421 0.946161 4991
0 23 62.5718 0.2211 4.94606 1.12181 4589
0 24 67.0715 0.20557 5.58112 0.837639 6153
0 25 67.132 0.352232 5.84418 0.883405 2158
0 26 62.8557 0.158564 4.96623 0.882068 8696
0 27 62.4929 0.239726 4.7176 1.06537 3578
0 28 61.3344 0.270172 4.62499 1.25753 3454
0 29 63.291 0.204248 5.23342 0.660789 5487
0 30 63.0748 0.231655 4.72621 0.96402 3938
0 31 63.0682 0.297078 4.21219 1.22333 2230
0 32 63.8685 0.229916 4.94266 0.888472 4108
0 33 62.8251 0.219916 4.7437 0.758921 4237
0 34 62.5508 0.144273 4.60634 1.09502 9451
0 35 60.1667 0.323924 3.46287 1.03853 2045
0 36 63.3247 0.21995 5.00195 1.22779 4711
0 37 0 0 0 0 0
0 38 62.8899 0.291345 5.65027 0.87522 2818
0 39 62.7422 0.158424 4.62287 1.01438 8474
0 40 0 0 0 0 0
0 41 63.4 0.248347 5.16391 0.92406 3523
0 42 64.5896 0.241566 5.17622 1.09844 4275
0 43 64.177 0.197374 6.78407 2.78808 6592
0 44 62.6136 0.226374 5.12666 0.694298 4147
0 45 64.5601 0.239659 5.01588 0.77988 3833
0 46 63.3799 0.137807 4.50451 1.01864 10625
0 47 62.8404 0.23534 5.06064 1.31565 3965
0 48 62.9071 0.237259 4.87247 1.03214 4268
0 49 67.4642 0.223291 5.2598 0.878885 5253
0 50 64.4781 0.222361 5.08907 0.92038 4220
0 51 62.23 0.145111 4.95154 1.42311 9901
0 52 62.4962 0.182119 4.43208 1.31516 5833
0 53 63.9953 0.173082 4.91567 1.16072 7508
0 54 62.6284 0.216349 4.96685 0.927464 4787
0 55 63.3879 0.189306 5.11732 1.30923 6234
0 56 62.6182 0.167374 4.88123 0.714704 7858
0 57 62.6395 0.152886 4.89543 1.12213 9334
0 58 64.657 0.211723 4.25508 1.18276 5333
0 59 62.5695 0.156182 5.04254 0.741616 9277
0 60 61.9203 0.162346 4.76318 1.17005 7876
0 61 61.8831 0.127251 4.43416 1.16129 13206
0 62 61.9765 0.147029 4.56263 1.0027 9741
0 63 63.372 0.194874 4.57429 1.39 5694
1 0 0 0 0 0 0
1 1 0 0 0 0 0
1 2 0 0 0 0 0
1 3 0 0 0 0 0
1 4 0 0 0 0 0
1 5 0 0 0 0 0
1 6 0 0 0 0 0
1 7 0 0 0 0 0
1 8 0 0 0 0 0
1 9 0 0 0 0 0
1 10 0 0 0 0 0
1 11 0 0 0 0 0
1 12 0 0 0 0 0
1 13 0 0 0 0 0
1 14 0 0 0 0 0
1 15 0 0 0 0 0
1 16 0 0 0 0 0
1 17 0 0 0 0 0
1 18 0 0 0 0 0
1 19 0 0 0 0 0
1 20 0 0 0 0 0
1 21 0 0 0 0 0
1 22 0 0 0 0 0
1 23 0 0 0 0 0
1 24 0 0 0 0 0
1 25 0 0 0 0 0
1 26 0 0 0 0 0
1 27 0 0 0 0 0
1 28 0 0 0 0 0
1 29 0 0 0 0 0
1 30 0 0 0 0 0
1 31 0 0 0 0 0
1 32 0 0 0 0 0
1 33 0 0 0 0 0
1 34 0 0 0 0 0
1 35 0 0 0 0 0
1 36 0 0 0 0 0
1 37 0 0 0 0 0
1 38 0 0 0 0 0
1 39 0 0 0 0 0
1 40 0 0 0 0 0
1 41 0 0 0 0 0
1 42 0 0 0 0 0
1 43 0 0 0 0 0
1 44 0 0 0 0 0
1 45 0 0 0 0 0
1 46 0 0 0 0 0
1 47 0 0 0 0 0
1 48 0 0 0 0 0
1 49 0 0 0 0 0
1 50 0 0 0 0 0
1 51 0 0 0 0 0
1 52 0 0 0 0 0
1 53 0 0 0 0 0
1 54 0 0 0 0 0
1 55 0 0 0 0 0
1 56 0 0 0 0 0
1 57 0 0 0 0 0
1 58 0 0 0 0 0
1 59 0 0 0 0 0
1 60 0 0 0 0 0
1 61 0 0 0 0 0
1 62 0 0 0 0 0
1 63 0 0 0 0 0
2 0 62.3684 0.132315 4.88063 0.974728 11889
2 1 64.9068 0.165972 4.70347 1.1391 8189
2 2 64.1743 0.175696 4.88644 0.837765 7330
2 3 64.9531 0.230917 6.92259 2.23291 5191
2 4 64.2032 0.236098 5.28194 1.26145 4370
2 5 65.7393 0.220843 5.93269 1.20335 5346
2 6 64.2605 0.188702 5.15042 0.976251 6358
2 7 62.9493 0.286436 5.35763 1.05676 2795
2 8 63.9788 0.212731 6.85005 2.37553 6010
2 9 63.6806 0.179836 4.52655 1.20229 6792
2 10 0 0 0 0 0
2 11 0 0 0 0 0
2 12 63.6521 0.191904 5.00788 1.00962 5941
2 13 64.9186 0.246427 4.87868 0.999568 3720
2 14 64.4922 0.150255 4.88368 0.9776 10428
2 15 63.794 0.229263 4.58731 0.849019 3835
2 16 68.5425 0.310525 4.50174 0.789078 3413
2 17 64.1915 0.217725 4.08568 1.24793 5697
2 18 69.1964 0.243082 4.58944 1.44286 4310
2 19 63.8983 0.363309 4.038 0.609678 2424
2 20 63.1342 0.205333 4.75561 0.896698 4926
2 21 63.9214 0.169285 4.87868 1.10971 7363
2 22 64.6706 0.207753 4.96721 0.972891 5176
2 23 63.1629 0.193019 4.43912 0.696859 6056
2 24 63.2255 0.179587 4.79778 1.08286 6600
2 25 62.8294 0.291792 4.96663 1.16551 2391
2 26 64.4559 0.145895 4.61696 1.07238 10144
2 27 64.4861 0.226243 4.5514 1.39717 4260
2 28 64.292 0.238673 4.69812 0.981732 4271
2 29 63.0924 0.177062 5.0374 1.2638 6870
2 30 62.8377 0.226797 4.16777 1.45018 4828
2 31 63.1796 0.310452 4.64662 1.04742 2152
2 32 67.6221 0.282841 4.4573 1.54498 3711
2 33 68.3265 0.249263 5.20286 1.13476 4071
2 34 62.9537 0.13731 4.72704 0.985537 11885
2 35 62.3983 0.346128 4.50832 0.838983 2312
2 36 62.7918 0.208526 4.55646 0.711772 4455
2 37 0 0 0 0 0
2 38 0 0 0 0 0
2 39 64.1476 0.177401 4.56673 1.28855 7342
2 40 62.749 0.229466 4.83807 0.998822 4389
2 41 64.9351 0.267123 3.6946 1.36394 3580
2 42 64.383 0.228419 5.3657 0.853778 4473
2 43 62.2746 0.19774 5.46303 0.842828 6046
2 44 68.2728 0.221327 4.70586 0.944187 4963
2 45 64.6869 0.245405 4.57296 1.16366 3708
2 46 63.1602 0.160047 6.77467 2.71252 10507
2 47 67.6275 0.266974 4.73596 1.27457 3303
2 48 65.4368 0.243591 5.17609 1.06005 4207
2 49 64.749 0.202145 5.07794 1.16693 5122
2 50 49.2997 0.171517 3.5813 0.643341 5233
2 51 63.1537 0.164027 4.97467 1.06053 8984
2 52 63.2359 0.195046 4.26019 1.34923 5696
2 53 63.584 0.194385 4.94418 0.677582 6168
2 54 62.9642 0.198467 5.24287 0.732082 5776
2 55 64.7378 0.169845 4.79239 0.825072 7815
2 56 61.6582 0.186669 4.48058 1.01409 6836
2 57 0 0 0 0 0
2 58 68.5135 0.210191 5.17579 1.0499 5904
2 59 62.9198 0.151672 4.96284 0.90509 9785
2 60 68.729 0.205762 5.53293 1.32372 6545
2 61 63.5181 0.129652 4.56359 0.805592 13458
2 62 64.3444 0.137023 4.78561 1.01244 11884
2 63 64.3646 0.185209 4.79323 0.953519 6886
3 0 0 0 0 0 0
3 1 62.154 0.161007 4.07283 0.866617 9025
3 2 63.3739 0.163658 5.2754 1.16911 8906
3 3 67.5744 0.209198 5.75344 1.11342 6530
3 4 63.3862 0.242374 4.18957 0.822584 4435
3 5 61.3245 0.200216 4.50358 1.34201 6014
3 6 63.6355 0.201274 7.09441 2.5075 7475
3 7 63.1943 0.149592 4.70372 1.73524 11581
3 8 0 0 0 0 0
3 9 0 0 0 0 0
3 10 63.512 0.15393 4.49616 1.11749 9908
3 11 62.4119 0.234401 4.67198 0.928763 4801
3 12 64.6054 0.195683 5.31972 0.891407 6221
3 13 63.3453 0.19052 5.14541 1.3376 6527
3 14 63.3177 0.175223 4.77716 1.04066 7752
3 15 63.4447 0.230219 5.2638 1.4553 4523
3 16 65.7782 0.144551 5.35192 1.32758 13415
3 17 62.9917 0.223948 3.85194 0.659257 4789
3 18 64.7994 0.235868 4.54763 0.895264 4552
3 19 0 0 0 0 0
3 20 61.678 0.240379 4.71528 1.37175 4557
3 21 63.5579 0.176337 4.62803 0.896684 7818
3 22 64.2219 0.167355 4.55612 0.907535 8329
3 23 61.0468 0.220411 4.90654 0.883637 4749
3 24 61.7949 0.183285 4.81894 0.676562 6932
3 25 63.5336 0.151266 4.87385 1.30928 10138
3 26 61.8525 0.200036 4.22222 1.37281 5790
3 27 64.6625 0.224033 4.97515 1.15445 4756
3 28 63.2368 0.184541 4.95766 0.897434 6904
3 29 63.3882 0.213619 4.82031 0.761445 5062
3 30 64.7149 0.245151 5.08491 0.760754 4414
3 31 63.6367 0.141262 4.21223 1.16161 12150
3 32 64.0755 0.175051 4.5092 1.38905 7508
3 33 64.6364 0.211439 4.85935 0.690724 5561
3 34 62.6032 0.201004 4.64537 1.02948 5711
3 35 0 0 0 0 0
3 36 64.7612 0.221218 5.2489 0.883788 5100
3 37 0 0 0 0 0
3 38 63.7716 0.164643 7.01701 3.13439 11025
3 39 63.9743 0.159516 5.05736 0.95831 8937
3 40 64.8328 0.226759 4.17186 0.976554 4965
3 41 63.5581 0.179914 4.3756 0.880147 7020
3 42 63.8399 0.222465 4.6523 1.02656 4674
3 43 61.9717 0.211329 4.43871 1.03154 5415
3 44 65.7349 0.187967 7.22344 2.90529 8853
3 45 64.924 0.224782 4.80742 0.884426 4963
3 46 63.2428 0.185714 4.49356 0.880279 6655
3 47 63.2951 0.136619 4.68115 0.774603 13034
3 48 65.2311 0.223069 5.05302 1.06296 4906
3 49 64.3551 0.218443 4.70488 1.52891 4944
3 50 0 0 0 0 0
3 51 63.2647 0.171033 5.1933 1.17373 7995
3 52 64.7709 0.235892 4.10479 1.07971 4820
3 53 62.8493 0.142879 4.90475 1.48201 10934
3 54 64.948 0.181081 4.92644 1.32837 7015
3 55 64.864 0.19226 4.73881 1.08335 6383
3 56 0 0 0 0 0
3 57 64.616 0.169474 4.85008 0.826325 8363
3 58 65.039 0.197778 5.37016 1.24294 6396
3 59 62.2091 0.19576 4.58362 1.09921 5793
3 60 63.9451 0.160525 4.99593 0.851014 8990
3 61 64.0525 0.165381 4.68918 0.790425 8278
3 62 62.9571 0.188938 5.32548 1.13179 7010
3 63 64.4701 0.187544 4.59174 1.46462 6513
4 0 0 0 0 0 0
4 1 0 0 0 0 0
4 2 0 0 0 0 0
4 3 0 0 0 0 0
4 4 0 0 0 0 0
4 5 0 0 0 0 0
4 6 0 0 0 0 0
4 7 0 0 0 0 0
4 8 0 0 0 0 0
4 9 0 0 0 0 0
4 10 0 0 0 0 0
4 11 0 0 0 0 0
4 12 0 0 0 0 0
4 13 0 0 0 0 0
4 14 0 0 0 0 0
4 15 0 0 0 0 0
4 16 0 0 0 0 0
4 17 0 0 0 0 0
4 18 0 0 0 0 0
4 19 0 0 0 0 0
4 20 0 0 0 0 0
4 21 0 0 0 0 0
4 22 0 0 0 0 0
4 23 0 0 0 0 0
4 24 0 0 0 0 0
4 25 0 0 0 0 0
4 26 0 0 0 0 0
4 27 0 0 0 0 0
4 28 0 0 0 0 0
4 29 0 0 0 0 0
4 30 0 0 0 0 0
4 31 0 0 0 0 0
4 32 0 0 0 0 0
4 33 0 0 0 0 0
4 34 0 0 0 0 0
4 35 0 0 0 0 0
4 36 0 0 0 0 0
4 37 0 0 0 0 0
4 38 0 0 0 0 0
4 39 0 0 0 0 0
4 40 0 0 0 0 0
4 41 0 0 0 0 0
4 42 0 0 0 0 0
4 43 0 0 0 0 0
4 44 0 0 0 0 0
4 45 0 0 0 0 0
4 46 0 0 0 0 0
4 47 0 0 0 0 0
4 48 0 0 0 0 0
4 49 0 0 0 0 0
4 50 0 0 0 0 0
4 51 0 0 0 0 0
4 52 0 0 0 0 0
4 53 0 0 0 0 0
4 54 0 0 0 0 0
4 55 0 0 0 0 0
4 56 0 0 0 0 0
4 57 0 0 0 0 0
4 58 0 0 0 0 0
4 59 0 0 0 0 0
4 60 0 0 0 0 0
4 61 0 0 0 0 0
4 62 0 0 0 0 0
4 63 0 0 0 0 0
5 0 0 0 0 0 0
5 1 0 0 0 0 0
5 2 0 0 0 0 0
5 3 0 0 0 0 0
5 4 0 0 0 0 0
5 5 0 0 0 0 0
5 6 0 0 0 0 0
5 7 0 0 0 0 0
5 8 0 0 0 0 0
5 9 0 0 0 0 0
5 10 0 0 0 0 0
5 11 0 0 0 0 0
5 12 0 0 0 0 0
5 13 0 0 0 0 0
5 14 0 0 0 0 0
5 15 0 0 0 0 0
5 16 0 0 0 0 0
5 17 0 0 0 0 0
5 18 0 0 0 0 0
5 19 0 0 0 0 0
5 20 0 0 0 0 0
5 21 0 0 0 0 0
5 22 0 0 0 0 0
5 23 0 0 0 0 0
5 24 0 0 0 0 0
5 25 0 0 0 0 0
5 26 0 0 0 0 0
5 27 0 0 0 0 0
5 28 0 0 0 0 0
5 29 0 0 0 0 0
5 30 0 0 0 0 0
5 31 0 0 0 0 0
5 32 0 0 0 0 0
5 33 0 0 0 0 0
5 34 0 0 0 0 0
5 35 0 0 0 0 0
5 36 0 0 0 0 0
5 37 0 0 0 0 0
5 38 0 0 0 0 0
5 39 0 0 0 0 0
5 40 0 0 0 0 0
5 41 0 0 0 0 0
5 42 0 0 0 0 0
5 43 0 0 0 0 0
5 44 0 0 0 0 0
5 45 0 0 0 0 0
5 46 0 0 0 0 0
5 47 0 0 0 0 0
5 48 0 0 0 0 0
5 49 0 0 0 0 0
5 50 0 0 0 0 0
5 51 0 0 0 0 0
5 52 0 0 0 0 0
5 53 0 0 0 0 0
5 54 0 0 0 0 0
5 55 0 0 0 0 0
5 56 0 0 0 0 0
5 57 0 0 0 0 0
5 58 0 0 0 0 0
5 59 0 0 0 0 0
5 60 0 0 0 0 0
5 61 0 0 0 0 0
5 62 0 0 0 0 0
5 63 0 0 0 0 0
6 0 0 0 0 0 0
6 1 0 0 0 0 0
6 2 0 0 0 0 0
6 3 0 0 0 0 0
6 4 0 0 0 0 0
6 5 0 0 0 0 0
6 6 0 0 0 0 0
6 7 0 0 0 0 0
6 8 0 0 0 0 0
6 9 0 0 0 0 0
6 10 0 0 0 0 0
6 11 0 0 0 0 0
6 12 0 0 0 0 0
6 13 0 0 0 0 0
6 14 0 0 0 0 0
6 15 0 0 0 0 0
6 16 0 0 0 0 0
6 17 0 0 0 0 0
6 18 0 0 0 0 0
6 19 0 0 0 0 0
6 20 0 0 0 0 0
6 21 0 0 0 0 0
6 22 0 0 0 0 0
6 23 0 0 0 0 0
6 24 0 0 0 0 0
6 25 0 0 0 0 0
6 26 0 0 0 0 0
6 27 0 0 0 0 0
6 28 0 0 0 0 0
6 29 0 0 0 0 0
6 30 0 0 0 0 0
6 31 0 0 0 0 0
6 32 0 0 0 0 0
6 33 0 0 0 0 0
6 34 0 0 0 0 0
6 35 0 0 0 0 0
6 36 0 0 0 0 0
6 37 0 0 0 0 0
6 38 0 0 0 0 0
6 39 0 0 0 0 0
6 40 0 0 0 0 0
6 41 0 0 0 0 0
6 42 0 0 0 0 0
6 43 0 0 0 0 0
6 44 0 0 0 0 0
6 45 0 0 0 0 0
6 46 0 0 0 0 0
6 47 0 0 0 0 0
6 48 0 0 0 0 0
6 49 0 0 0 0 0
6 50 0 0 0 0 0
6 51 0 0 0 0 0
6 52 0 0 0 0 0
6 53 0 0 0 0 0
6 54 0 0 0 0 0
6 55 0 0 0 0 0
6 56 0 0 0 0 0
6 57 0 0 0 0 0
6 58 0 0 0 0 0
6 59 0 0 0 0 0
6 60 0 0 0 0 0
6 61 0 0 0 0 0
6 62 0 0 0 0 0
6 63 0 0 0 0 0
7 0 0 0 0 0 0
7 1 0 0 0 0 0
7 2 0 0 0 0 0
7 3 0 0 0 0 0
7 4 0 0 0 0 0
7 5 0 0 0 0 0
7 6 0 0 0 0 0
7 7 0 0 0 0 0
7 8 0 0 0 0 0
7 9 0 0 0 0 0
7 10 0 0 0 0 0
7 11 0 0 0 0 0
7 12 0 0 0 0 0
7 13 0 0 0 0 0
7 14 0 0 0 0 0
7 15 0 0 0 0 0
7 16 0 0 0 0 0
7 17 0 0 0 0 0
7 18 0 0 0 0 0
7 19 0 0 0 0 0
7 20 0 0 0 0 0
7 21 0 0 0 0 0
7 22 0 0 0 0 0
7 23 0 0 0 0 0
7 24 0 0 0 0 0
7 25 0 0 0 0 0
7 26 0 0 0 0 0
7 27 0 0 0 0 0
7 28 0 0 0 0 0
7 29 0 0 0 0 0
7 30 0 0 0 0 0
7 31 0 0 0 0 0
7 32 0 0 0 0 0
7 33 0 0 0 0 0
7 34 0 0 0 0 0
7 35 0 0 0 0 0
7 36 0 0 0 0 0
7 37 0 0 0 0 0
7 38 0 0 0 0 0
7 39 0 0 0 0 0
7 40 0 0 0 0 0
7 41 0 0 0 0 0
7 42 0 0 0 0 0
7 43 0 0 0 0 0
7 44 0 0 0 0 0
7 45 0 0 0 0 0
7 46 0 0 0 0 0
7 47 0 0 0 0 0
7 48 0 0 0 0 0
7 49 0 0 0 0 0
7 50 0 0 0 0 0
7 51 0 0 0 0 0
7 52 0 0 0 0 0
7 53 0 0 0 0 0
7 54 0 0 0 0 0
7 55 0 0 0 0 0
7 56 0 0 0 0 0
7 57 0 0 0 0 0
7 58 0 0 0 0 0
7 59 0 0 0 0 0
7 60 0 0 0 0 0
7 61 0 0 0 0 0
7 62 0 0 0 0 0
7 63 0 0 0 0 0
8 0 60.0642 0.156678 4.82936 1.1987 9185
8 1 58.3384 0.162 4.37893 1.04626 7775
8 2 59.653 0.174116 4.53366 1.0223 7455
8 3 61.3259 0.190252 5.00013 0.868002 6221
8 4 61.3594 0.226397 4.2649 1.13879 5152
8 5 0 0 0 0 0
8 6 62.0976 0.190289 5.09442 1.07385 6768
8 7 53.2716 0.163566 3.96064 0.922108 7402
8 8 59.7693 0.173199 4.84711 0.604901 7159
8 9 61.327 0.184138 4.48768 1.13229 6548
8 10 62.078 0.174738 4.48184 1.27608 7915
8 11 60.9188 0.190854 4.73261 1.8205 5864
8 12 60.2418 0.181671 4.61409 0.791733 6541
8 13 61.6195 0.190618 4.9444 0.787849 6382
8 14 58.1857 0.156239 4.3195 0.747146 8434
8 15 61.6964 0.215903 4.12508 0.584046 5274
8 16 60.6594 0.176095 4.60215 0.964978 8189
8 17 62.7883 0.203738 5.47032 0.847447 6187
8 18 0 0 0 0 0
8 19 63.8994 0.220626 4.29355 1.15034 6132
8 20 60.2269 0.20865 5.15605 0.876826 4931
8 21 0 0 0 0 0
8 22 62.7278 0.17469 4.98434 1.25158 7416
8 23 59.6981 0.199683 4.60804 1.17468 5600
8 24 0 0 0 0 0
8 25 66.7262 0.211165 4.8899 1.73147 6031
8 26 62.5674 0.193911 4.45253 0.956957 6962
8 27 61.9417 0.211888 5.10392 0.95483 5126
8 28 62.9338 0.200966 4.8217 1.44792 6009
8 29 62.4348 0.18917 4.76079 0.868106 6173
8 30 61.5903 0.213798 5.074 0.753372 5070
8 31 63.3829 0.178935 4.3795 1.06558 7680
8 32 62.5065 0.174161 4.73109 0.82798 7643
8 33 62.104 0.201058 4.26755 0.874455 6087
8 34 96.6548 1.75626 0.564833 92.6899 11181
8 35 61.795 0.178453 4.82929 0.842735 7114
8 36 61.7185 0.189367 4.89314 0.919558 6194
8 37 0 0 0 0 0
8 38 58.9477 0.175294 4.63489 1.02818 7446
8 39 62.7739 0.151753 4.59254 0.772869 10003
8 40 0 0 0 0 0
8 41 63.2229 0.187402 4.8169 1.29607 6953
8 42 68.2882 0.224382 5.90323 1.12317 5560
8 43 60.171 0.173403 4.83485 1.945 7206
8 44 61.9027 0.176642 4.92394 0.829892 7281
8 45 0 0 0 0 0
8 46 59.0667 0.158741 4.45835 1.21527 8263
8 47 61.4301 0.131067 4.97263 0.908032 13593
8 48 63.6681 0.395843 4.94318 1.51573 6493
8 49 62.5441 0.191925 4.75473 1.09786 6274
8 50 63.8229 0.19037 5.35189 1.15724 6659
8 51 62.3462 0.135216 4.69829 0.868004 12967
8 52 60.7253 0.186057 4.58889 0.866111 6484
8 53 61.1905 0.127515 4.85861 1.24618 13603
8 54 62.3636 0.195319 4.50921 1.08298 5910
8 55 58.2744 0.163002 4.39731 1.1168 8010
8 56 62.3774 0.161585 4.52926 1.01743 9713
8 57 62.4002 0.14183 5.05507 1.80853 11368
8 58 62.5725 0.200072 4.71424 1.19079 5641
8 59 59.4665 0.169631 4.97087 1.02162 7623
8 60 64.9082 0.175852 7.20382 3.47817 10283
8 61 56.97 0.114236 4.40328 0.925778 14882
8 62 58.543 0.162653 4.366 1.12303 8137
8 63 58.4701 0.165141 4.35311 1.28253 6937
9 0 59.8287 0.11933 4.77299 1.42309 15464
9 1 58.3524 0.133292 4.15815 0.624243 11289
9 2 60.9912 0.157798 4.37423 0.997979 9034
9 3 59.7906 0.153389 4.28212 1.1592 9762
9 4 58.4561 0.20944 4.22403 1.00945 5018
9 5 59.2351 0.200904 4.67807 1.0605 5414
9 6 59.6815 0.165293 4.78286 1.02224 9057
9 7 59.3735 0.152417 4.34146 1.79203 10537
9 8 61.0113 0.210219 4.44627 1.24537 5686
9 9 59.9596 0.117481 4.31887 1.0326 15055
9 10 59.4707 0.102343 4.70054 0.763281 19465
9 11 60.9165 1.20256 0.751581 1.95169 6860
9 12 59.6555 0.184693 4.47571 1.10126 7211
9 13 59.7231 0.14625 4.6542 1.34881 9478
9 14 61.0179 0.163717 4.47464 0.765837 8916
9 15 64.4316 0.889968 0.82664 13.3582 10731
9 16 60.5745 0.107167 4.39884 0.953074 19733
9 17 58.1802 0.174582 4.33021 0.857769 6467
9 18 59.9588 0.200477 4.18955 1.26673 6379
9 19 59.3925 0.164565 4.66079 1.35171 10024
9 20 57.6025 0.202524 4.65339 0.93325 5412
9 21 60.7226 0.139497 4.53242 0.741694 11086
9 22 59.9844 0.140502 4.03876 1.48491 10807
9 23 56.8592 0.18686 4.12656 1.28144 5407
9 24 57.9774 0.168974 4.85807 0.750328 7194
9 25 56.7267 0.138372 3.77524 0.717718 9926
9 26 61.0989 0.164397 4.33385 0.930039 7986
9 27 62.1583 0.18894 4.32251 1.158 8830
9 28 60.8619 0.144404 4.76027 1.66405 11196
9 29 57.3581 0.187121 3.76802 0.838066 7091
9 30 59.6534 0.18144 4.19186 1.10333 6549
9 31 60.3822 0.182222 3.86597 0.94327 6942
9 32 60.0612 0.179775 4.39924 1.21297 7079
9 33 61.3261 0.186202 4.37462 1.07217 6004
9 34 58.1201 0.151794 4.16173 0.934731 8807
9 35 60.3865 0.336079 5.52165 1.26654 2947
9 36 58.8 0.196492 4.37869 0.97873 5132
9 37 59.6731 0.335918 2.99295 1.18112 5352
9 38 0 0 0 0 0
9 39 53.4897 0.196334 4.00157 0.787282 4928
9 40 58.4583 0.207954 4.194 1.36896 4520
9 41 0 0 0 0 0
9 42 56.5682 0.213737 4.7052 0.757296 4324
9 43 58.7457 0.189961 4.2238 0.973555 5790
9 44 0 0 0 0 0
9 45 124.969 31.6325 15.739 3.58406 4885
9 46 58.3881 0.169128 3.96953 0.594086 7121
9 47 0 0 0 0 0
9 48 57.506 0.207425 3.86497 1.02954 4734
9 49 36.2295 0.15567 2.58524 0.742262 3417
9 50 58.1231 0.294256 4.49639 0.863735 2372
9 51 55.8951 0.170052 4.2189 1.22376 6993
9 52 57.7027 0.190451 4.81177 0.92547 5814
9 53 1.26565e-12 0.047497 9.08062 86.9292 3952
9 54 57.0457 0.204726 4.55356 1.47858 4892
9 55 73.7178 0.0565049 0.420788 28.2074 7348
9 56 54.172 0.196747 3.72307 1.25403 5377
9 57 54.4079 0.181075 4.5224 0.706948 5667
9 58 56.9665 0.193377 3.95338 0.953925 5278
9 59 58.0725 0.200808 6.83819 2.30936 6822
9 60 0 0 0 0 0
9 61 53.8897 0.145466 4.28437 0.854963 8957
9 62 59.1483 0.157803 4.45681 1.15592 8466
9 63 54.3836 0.227179 6.49402 1.82319 5086
10 0 0 0 0 0 0
10 1 0 0 0 0 0
10 2 0 0 0 0 0
10 3 0 0 0 0 0
10 4 0 0 0 0 0
10 5 0 0 0 0 0
10 6 0 0 0 0 0
10 7 0 0 0 0 0
10 8 0 0 0 0 0
10 9 0 0 0 0 0
10 10 0 0 0 0 0
10 11 0 0 0 0 0
10 12 0 0 0 0 0
10 13 0 0 0 0 0
10 14 0 0 0 0 0
10 15 0 0 0 0 0
10 16 0 0 0 0 0
10 17 0 0 0 0 0
10 18 0 0 0 0 0
10 19 0 0 0 0 0
10 20 0 0 0 0 0
10 21 0 0 0 0 0
10 22 0 0 0 0 0
10 23 0 0 0 0 0
10 24 0 0 0 0 0
10 25 0 0 0 0 0
10 26 0 0 0 0 0
10 27 0 0 0 0 0
10 28 0 0 0 0 0
10 29 0 0 0 0 0
10 30 0 0 0 0 0
10 31 0 0 0 0 0
10 32 0 0 0 0 0
10 33 0 0 0 0 0
10 34 0 0 0 0 0
10 35 0 0 0 0 0
10 36 0 0 0 0 0
10 37 0 0 0 0 0
10 38 0 0 0 0 0
10 39 0 0 0 0 0
10 40 0 0 0 0 0
10 41 0 0 0 0 0
10 42 0 0 0 0 0
10 43 0 0 0 0 0
10 44 0 0 0 0 0
10 45 0 0 0 0 0
10 46 0 0 0 0 0
10 47 0 0 0 0 0
10 48 0 0 0 0 0
10 49 0 0 0 0 0
10 50 0 0 0 0 0
10 51 0 0 0 0 0
10 52 0 0 0 0 0
10 53 0 0 0 0 0
10 54 0 0 0 0 0
10 55 0 0 0 0 0
10 56 0 0 0 0 0
10 57 0 0 0 0 0
10 58 0 0 0 0 0
10 59 0 0 0 0 0
10 60 0 0 0 0 0
10 61 0 0 0 0 0
10 62 0 0 0 0 0
10 63 0 0 0 0 0
11 0 0 0 0 0 0
11 1 63.0691 0.138631 7.2793 4.83347 15854
11 2 62.5815 0.186332 7.22991 3.04284 9118
11 3 0 0 0 0 0
11 4 67.3007 0.238827 5.33871 1.06489 5028
11 5 64.5085 0.218046 7.27705 2.29138 6825
11 6 59.6661 0.169615 4.53581 0.846718 7998
11 7 63.496 0.157562 5.05961 1.39381 9651
11 8 60.2919 0.176518 4.47538 1.11491 7418
11 9 61.4269 0.158456 4.81732 0.722641 10080
11 10 59.6189 0.132275 4.741 0.868447 12972
11 11 63.9118 0.220507 4.99267 0.931991 5686
11 12 0 0 0 0 0
11 13 65.1533 0.211389 4.72149 0.709766 6496
11 14 65.2748 0.121601 5.08704 0.848754 17682
11 15 62.7294 0.204743 4.58399 0.998253 6265
11 16 0 0 0 0 0
11 17 65.9187 0.176036 5.22771 0.689239 8459
11 18 64.2068 0.222353 4.80582 0.75272 5774
11 19 0 0 0 0 0
11 20 64.2126 0.208978 4.93819 1.17331 5769
11 21 61.5004 0.15829 4.87331 0.814064 9398
11 22 0 0 0 0 0
11 23 64.6161 0.206688 4.85106 1.45094 5838
11 24 66.5796 0.152556 5.05451 0.966938 11725
11 25 61.8737 0.199595 5.04827 0.592395 6326
11 26 64.0955 0.156757 4.725 0.906736 10547
11 27 64.4759 0.217201 5.33082 1.04946 5699
11 28 63.6364 0.190601 5.10634 0.815248 6684
11 29 64.9574 0.171598 4.69644 1.33262 8647
11 30 63.8499 0.200697 5.20271 0.789696 6188
11 31 64.4285 0.188883 5.24897 0.920266 7020
11 32 64.2725 0.185368 5.11759 1.04757 7538
11 33 62.9754 0.194676 5.08624 1.01715 6428
11 34 64.7444 0.149767 4.71602 0.745264 10620
11 35 0 0 0 0 0
11 36 66.061 0.19976 4.68835 1.33638 6736
11 37 0 0 0 0 0
11 38 0 0 0 0 0
11 39 0 0 0 0 0
11 40 0 0 0 0 0
11 41 63.4878 0.191921 7.23579 1.88688 8581
11 42 64.1788 0.219557 4.04557 0.957895 5311
11 43 64.8865 0.165242 5.18639 0.54587 8788
11 44 65.1803 0.124604 5.05391 0.87771 15579
11 45 64.3595 0.180334 4.60191 0.97231 7531
11 46 66.3116 0.148234 4.88315 1.535 11981
11 47 63.1119 0.112945 5.24659 1.13428 19451
11 48 64.2864 0.198561 4.97956 1.25637 6340
11 49 0 0 0 0 0
11 50 66.4767 0.147259 5.09768 0.948312 11677
11 51 64.1393 0.15927 5.98925 0.639417 11601
11 52 65.4667 0.185513 5.1402 1.14433 7289
11 53 65.7776 0.108698 5.21704 0.725431 20952
11 54 64.5156 0.166103 4.99849 1.34025 8730
11 55 64.2976 0.16499 5.37312 1.57027 9314
11 56 0 0 0 0 0
11 57 63.7191 0.162862 4.8042 0.937267 8695
11 58 66.0902 0.186541 5.15775 1.19966 7251
11 59 64.7157 0.186077 7.31313 3.11834 8886
11 60 63.4365 0.125764 4.61642 1.10251 14972
11 61 62.5635 0.128102 4.77324 1.06591 14085
11 62 65.98 0.147003 5.037 1.18281 11465
11 63 65.5053 0.187515 5.45085 0.91213 7278
12 0 58.7384 0.102999 4.86348 0.964668 20216
12 1 57.3042 0.109029 4.12268 1.59271 17130
12 2 59.5357 0.121942 4.57547 0.813393 13846
12 3 61.3432 0.171789 4.4392 0.954791 7279
12 4 59.914 0.183901 4.33074 0.828569 6626
12 5 58.1563 0.171071 4.83985 0.797229 6884
12 6 58.6337 0.133062 4.37221 0.888485 11367
12 7 0 0 0 0 0
12 8 58.8505 0.153998 4.36244 0.799831 8380
12 9 64.961 0.154242 4.61425 1.03122 11560
12 10 63.5884 0.133448 4.54614 1.53723 14051
12 11 59.4909 0.168616 4.87166 1.12581 7771
12 12 56.6288 0.175685 4.85872 1.01539 6640
12 13 60.2623 0.160472 4.68187 0.867604 8173
12 14 0 0 0 0 0
12 15 60.9818 0.187111 4.68872 1.53317 6624
12 16 59.7019 0.124311 4.69738 1.03917 14060
12 17 47.43 0.128631 3.59681 0.472901 8951
12 18 0 0 0 0 0
12 19 60.3913 0.166809 4.62487 1.0561 8487
12 20 59.6759 0.191415 5.00498 1.34617 5816
12 21 57.9113 0.132606 4.62128 0.603437 11119
12 22 60.3145 0.159777 4.57498 1.27563 8386
12 23 56.9418 0.175668 4.99172 1.17727 6554
12 24 0 0 0 0 0
12 25 59.7316 0.171331 4.58793 1.14153 7311
12 26 57.4927 0.139589 4.5222 1.08556 10017
12 27 59.4555 0.184475 4.41652 1.10568 5982
12 28 58.356 0.163857 4.39045 1.06792 7178
12 29 59.6827 0.173254 4.53175 1.09938 7260
12 30 58.6175 0.192259 4.60034 1.17153 5595
12 31 59.69 0.188628 4.62477 1.1911 6277
12 32 59.5828 0.18467 4.69813 1.05877 6064
12 33 59.9036 0.209637 4.78086 0.919447 5083
12 34 59.7913 0.158894 4.8979 1.07688 8677
12 35 61.1279 0.190621 4.36877 1.33202 7449
12 36 59.8497 0.215705 4.05161 0.866703 5154
12 37 0 0 0 0 0
12 38 61.0071 0.163647 4.81125 0.82211 8465
12 39 61.6897 0.186093 4.4892 0.803304 6814
12 40 0 0 0 0 0
12 41 61.9959 0.178876 5.02904 0.897871 7202
12 42 60.9192 0.19182 4.77357 1.59619 5855
12 43 60.657 0.185214 4.32248 0.93473 6579
12 44 60.839 0.165515 4.71955 0.873468 8290
12 45 60.3689 0.198159 4.63678 1.21905 5863
12 46 59.4513 0.178407 4.48067 0.650183 7228
12 47 61.0367 0.179878 4.29057 0.918565 8111
12 48 61.9244 0.191345 4.43512 1.26578 6051
12 49 58.446 0.170347 4.44597 1.13242 6412
12 50 61.6601 0.181764 4.97031 1.46647 6566
12 51 60.5118 0.169034 4.62038 1.3002 7149
12 52 59.7743 0.185257 4.24086 1.46296 7170
12 53 61.7813 0.160648 4.54095 1.2997 8186
12 54 0 0 0 0 0
12 55 60.9914 0.167209 4.7608 1.09985 7848
12 56 61.065 0.182099 5.03701 1.03109 6626
12 57 61.3677 0.171407 4.95142 1.58154 7180
12 58 60.3992 0.179533 4.86606 1.30108 6499
12 59 59.9744 0.15759 4.55663 1.18679 8129
12 60 60.5012 0.180563 5.13747 0.88216 7039
12 61 56.8794 0.175967 3.75942 0.883085 7528
12 62 60.232 0.153595 3.92884 0.857132 9182
12 63 60.3983 0.170624 4.82517 1.06822 7337
13 0 60.4156 0.167182 5.52832 1.19929 8826
13 1 61.3592 0.167588 4.57425 0.764088 8090
13 2 58.8515 0.18887 4.88518 1.37215 6492
13 3 59.3369 0.182644 4.89697 0.977848 6352
13 4 60.0247 0.187168 4.57527 1.04023 5618
13 5 59.6498 0.202006 4.10602 0.928417 6092
13 6 58.271 0.172799 4.45898 1.55669 6524
13 7 65.4867 0.192158 5.53791 1.43955 7367
13 8 58.5219 0.189524 4.12415 1.16369 6241
13 9 59.9839 0.190406 4.22061 1.29357 6978
13 10 64.4986 0.18478 4.92411 1.30158 7456
13 11 58.5589 0.197173 4.97377 1.25894 5650
13 12 65.093 0.210011 4.43137 1.09647 6811
13 13 65.4656 0.192585 4.75473 0.719848 7383
13 14 57.6214 0.146106 4.97212 1.16613 9970
13 15 58.2037 0.180336 4.61957 1.1443 6232
13 16 57.7882 0.177937 4.41574 1.37083 7150
13 17 64.4566 0.189005 5.08769 1.3956 7807
13 18 55.9025 0.188239 4.3385 1.11459 6037
13 19 57.2791 0.173039 4.14526 1.17922 6776
13 20 57.0945 0.203779 4.75395 1.34838 4959
13 21 0 0 0 0 0
13 22 58.8892 0.169883 5.01363 1.15397 7546
13 23 57.723 0.20198 4.81157 1.06609 5527
13 24 60.3486 0.16387 4.37369 1.00699 8449
13 25 0 0 0 0 0
13 26 64.3902 0.160939 4.72438 0.921199 9459
13 27 57.3267 0.174502 5.05905 0.980142 7244
13 28 58.2308 0.159716 5.05307 1.19988 8717
13 29 56.6988 0.175705 4.63158 0.921018 6947
13 30 0 0 0 0 0
13 31 0 0 0 0 0
13 32 56.9868 0.133831 4.39676 1.21235 11856
13 33 0 0 0 0 0
13 34 56.8688 0.166883 5.15869 1.22845 8169
13 35 56.9038 0.125563 3.93589 1.16113 13754
13 36 0 0 0 0 0
13 37 0 0 0 0 0
13 38 0 0 0 0 0
13 39 56.1915 0.122594 4.35885 1.42263 12939
13 40 63.8111 0.200291 5.03779 1.25282 6240
13 41 0 0 0 0 0
13 42 0 0 0 0 0
13 43 59.3293 0.165879 4.31972 1.21053 8195
13 44 57.5321 0.135955 4.24454 0.906359 11391
13 45 57.2354 0.13294 4.42684 1.41535 10803
13 46 0 0 0 0 0
13 47 0 0 0 0 0
13 48 59.9069 0.160547 4.67756 1.75875 8409
13 49 65.364 0.182325 4.73348 0.926304 7218
13 50 0 0 0 0 0
13 51 58.1438 0.110026 4.50073 1.02812 16660
13 52 57.8364 0.144583 4.33913 1.17654 9416
13 53 57.9839 0.119161 4.27901 1.28148 14493
13 54 60.3496 0.159405 4.73073 0.724971 8446
13 55 60.5942 0.152946 4.6415 1.1165 9846
13 56 0 0 0 0 0
13 57 66.368 0.14193 4.72482 1.17426 12777
13 58 57.6592 0.17003 4.06637 1.01235 7270
13 59 59.0748 0.128381 4.58547 1.13602 12143
13 60 56.465 0.137519 6.416 4.98809 12528
13 61 59.461 0.103787 4.38254 1.20145 20042
13 62 60.7766 0.133015 4.81287 0.843256 12209
13 63 0 0 0 0 0
14 0 61.6415 0.158971 4.47863 0.817627 9785
14 1 62.024 0.152931 4.90784 1.23625 9509
14 2 62.3896 0.15975 5.28337 1.07647 9319
14 3 63.0169 0.185705 5.00511 1.17028 7203
14 4 63.6099 0.200992 5.11107 1.07535 5929
14 5 57.8149 0.177882 4.26188 1.2354 6673
14 6 61.3224 0.162447 4.43209 0.984685 8318
14 7 0 0 0 0 0
14 8 59.9848 0.172161 4.75564 1.47292 6954
14 9 63.4172 0.16157 5.35867 1.33829 9069
14 10 66.481 0.155659 5.24145 1.26091 10599
14 11 61.793 0.193532 5.13055 1.23441 6312
14 12 62.7542 0.183853 4.60224 1.10618 7048
14 13 63.7372 0.164617 5.15051 1.04912 8660
14 14 59.487 0.191836 6.71747 2.36443 6983
14 15 0 0 0 0 0
14 16 66.3688 0.161075 4.95483 1.13272 10641
14 17 62.8218 0.201191 4.53911 1.2996 5513
14 18 0 0 0 0 0
14 19 66.4829 0.170509 4.88262 0.933035 9003
14 20 64.6204 0.226348 5.33735 1.12095 4983
14 21 63.5624 0.176426 6.85682 2.96258 8935
14 22 63.5065 0.157822 4.98807 1.50589 9480
14 23 62.7954 0.229025 4.32199 1.0366 5250
14 24 61.0723 0.177233 4.59461 1.14644 6541
14 25 67.3289 0.196492 5.01581 0.97166 7238
14 26 67.468 0.200165 5.28671 0.92926 6490
14 27 66.1357 0.211539 5.22239 1.2628 5737
14 28 63.6385 0.184522 4.65755 1.13266 6869
14 29 64.4375 0.212195 4.45755 1.20501 5418
14 30 0 0 0 0 0
14 31 67.198 0.221995 4.535 1.15773 6626
14 32 64.3268 0.194566 5.1179 1.10723 6492
14 33 64.879 0.209223 4.97885 1.09122 5234
14 34 63.5003 0.201579 5.20952 1.20773 5720
14 35 66.6203 0.180387 4.79403 1.05479 8193
14 36 64.9613 0.23623 5.09253 1.05103 4783
14 37 0 0 0 0 0
14 38 63.4437 0.188759 4.68185 1.01805 6618
14 39 62.8432 0.308611 4.64044 1.30661 3219
14 40 63.2365 0.231396 5.56131 1.11683 4741
14 41 64.9952 0.178503 5.03394 1.25337 7890
14 42 63.6344 0.212317 4.36162 0.927334 5662
14 43 63.1054 0.189301 4.38888 0.96485 6358
14 44 67.0407 0.218818 7.18588 2.62136 6693
14 45 64.2911 0.202201 5.51004 0.921495 5965
14 46 63.3418 0.191902 5.47183 1.22994 6901
14 47 63.1243 0.250828 4.40671 0.902392 3999
14 48 66.0539 0.204886 5.51797 1.34798 5861
14 49 63.6217 0.204092 4.28966 1.1008 6531
14 50 63.2956 0.232043 5.1165 1.29834 4976
14 51 63.2553 0.267472 4.17084 0.837611 4219
14 52 0 0 0 0 0
14 53 66.2035 0.26012 5.24655 1.05806 4305
14 54 64.1635 0.216413 4.92952 1.41898 4680
14 55 66.8835 0.24463 7.77582 1.85322 6258
14 56 63.6778 0.317178 4.20637 1.19227 3238
14 57 66.2787 0.288016 5.69973 1.11134 3598
14 58 63.7727 0.236759 4.85265 0.863544 4574
14 59 62.5069 0.157223 5.02862 1.23078 9018
14 60 0 0 0 0 0
14 61 62.3113 0.239143 4.51218 1.07631 4619
14 62 64.9946 0.182056 5.0897 0.861633 7624
14 63 62.4922 0.219483 4.05022 0.998805 5493
15 0 0 0 0 0 0
15 1 61.7353 0.260781 5.12626 1.01049 3860
15 2 64.8464 0.31308 5.23803 0.972326 3186
15 3 0 0 0 0 0
15 4 61.0001 0.209036 4.99632 0.871353 5292
15 5 61.8346 0.264837 4.51005 1.05509 4336
15 6 61.3078 0.311034 5.51256 1.05318 2845
15 7 64.5257 0.211642 5.10896 0.962539 6027
15 8 60.9766 0.246432 4.32619 1.43759 4342
15 9 0 0 0 0 0
15 10 0 0 0 0 0
15 11 64.4598 0.202518 4.82211 1.33722 5822
15 12 62.0517 0.228593 4.98953 0.846142 4977
15 13 65.8656 0.18484 4.71667 1.20081 8189
15 14 61.822 0.16686 4.80499 1.04131 8506
15 15 62.2776 0.196015 4.8328 0.974606 6283
15 16 63.5982 0.274208 4.60466 1.35697 3538
15 17 62.1199 0.176029 4.93273 1.23193 7828
15 18 61.0278 0.203224 4.91107 0.813016 5870
15 19 59.7836 0.18091 5.22285 0.967221 7269
15 20 0 0 0 0 0
15 21 65.455 0.303994 5.19248 1.14947 3241
15 22 62.6096 0.203231 4.51206 1.01233 6126
15 23 61.0261 0.227365 5.27682 1.06135 4745
15 24 62.5913 0.181601 4.73303 0.834084 6720
15 25 60.9349 0.199469 5.27428 1.07458 6377
15 26 62.4463 0.149542 5.01789 1.1588 10708
15 27 62.5648 0.199525 4.69447 1.21777 5914
15 28 60.9962 0.192431 5.6804 1.15656 6670
15 29 60.4861 0.194581 4.58713 0.871104 5766
15 30 62.0245 0.209254 4.98335 0.978194 5156
15 31 60.7796 0.171834 5.09941 0.85793 8163
15 32 0 0 0 0 0
15 33 0 0 0 0 0
15 34 62.1859 0.177934 5.25352 1.25902 7545
15 35 0 0 0 0 0
15 36 63.2801 0.202796 4.81685 1.00455 5477
15 37 0 0 0 0 0
15 38 0 0 0 0 0
15 39 0 0 0 0 0
15 40 66.0725 0.232845 5.05696 0.999446 4643
15 41 0 0 0 0 0
15 42 61.5614 0.197094 4.97319 0.880359 5668
15 43 63.1358 0.217587 4.37072 1.37967 5533
15 44 59.926 0.128247 4.5034 0.65755 12151
15 45 59.72 0.166916 4.52013 0.909189 8092
15 46 63.3422 0.198743 4.66157 1.08146 5903
15 47 0 0 0 0 0
15 48 0 0 0 0 0
15 49 62.9562 0.207464 4.62851 0.896038 5498
15 50 60.5748 0.151666 4.90604 1.24053 9428
15 51 61.0596 0.172502 6.84695 3.46483 9164
15 52 62.212 0.189015 5.04012 1.19256 6206
15 53 60.5528 0.158044 6.96657 2.82108 11442
15 54 60.9542 0.166971 4.83691 1.17885 7658
15 55 61.1323 0.180965 4.84736 0.860662 6652
15 56 61.2434 0.157951 4.53046 0.837238 9196
15 57 58.7348 0.145602 4.44453 1.04921 9599
15 58 59.8276 0.183289 5.09533 0.782886 6455
15 59 66.0018 0.195546 5.11955 1.06287 6943
15 60 65.4473 0.154289 4.9876 0.991543 10646
15 61 61.5932 0.152089 4.94591 0.938588 9507
15 62 60.4437 0.175398 4.499 1.35159 7370
15 63 60.0058 0.19134 5.25802 0.84822 6617
