#mip results dif_1_1_4
#chip channel mpv empv widthmpv chi2ndf nentries
0 0 56.1889 0.144095 4.78571 0.810982 10711
0 1 56.097 0.188758 4.54292 0.800212 6436
0 2 56.22 0.204697 4.52822 1.09582 5411
0 3 63.8927 0.218273 5.34413 1.18941 5327
0 4 58.8733 0.23059 4.8562 0.882579 4563
0 5 0 0 0 0 0
0 6 55.5508 0.226061 4.55423 0.795372 4762
0 7 0 0 0 0 0
0 8 57.3283 0.188598 4.79853 1.29585 6080
0 9 55.6809 0.222152 4.71263 0.794796 5034
0 10 62.9351 0.223582 4.78533 1.54611 4910
0 11 62.0088 0.221741 4.99671 1.10192 5179
0 12 64.2086 0.208041 5.266 1.19183 5917
0 13 57.4459 0.227418 5.24074 0.879098 4216
0 14 63.2708 0.156945 5.21816 1.05038 11076
0 15 57.6514 0.232652 4.75782 1.59403 4451
0 16 0 0 0 0 0
0 17 58.0455 0.194073 4.6275 1.12308 5841
0 18 63.9209 0.228608 4.94955 1.08384 5094
0 19 0 0 0 0 0
0 20 63.4209 0.247348 6.96368 1.33946 4580
0 21 63.2591 0.216541 5.17688 1.29896 5434
0 22 58.3074 0.210381 4.5187 1.20408 5090
0 23 63.6496 0.244692 5.95486 1.05718 5480
0 24 57.8804 0.186395 5.1334 1.19644 6832
0 25 0 0 0 0 0
0 26 57.9726 0.149372 5.00595 1.11372 9675
0 27 64.0048 0.261608 5.16084 1.02884 3957
0 28 58.6292 0.262188 4.44818 1.20511 3597
0 29 58.4457 0.206371 5.55658 0.752718 5807
0 30 58.6989 0.231813 5.36747 1.07606 4370
0 31 0 0 0 0 0
0 32 64.4365 0.235468 5.53795 0.951527 4511
0 33 59.1142 0.227089 4.77266 1.1141 4816
0 34 55.627 0.151999 4.54607 1.33205 10183
0 35 0 0 0 0 0
0 36 59.7324 0.215519 4.69471 1.24622 5252
0 37 0 0 0 0 0
0 38 0 0 0 0 0
0 39 56.7022 0.153994 4.32143 1.09023 9401
0 40 0 0 0 0 0
0 41 63.7305 0.237078 5.62402 1.41727 4325
0 42 59.1553 0.21863 5.2668 1.07394 5179
0 43 56.7115 0.166622 4.90637 0.986186 7724
0 44 57.5669 0.229018 4.96669 1.37849 4791
0 45 58.4345 0.223378 4.33009 1.01742 4624
0 46 56.4829 0.13846 4.6085 1.14017 11911
0 47 57.0197 0.207592 5.14916 1.07129 5066
0 48 58.6787 0.216742 5.54187 1.12522 5078
0 49 64.0775 0.203024 5.35329 1.07918 6745
0 50 58.8787 0.216025 5.36489 1.07601 4906
0 51 55.5524 0.141697 4.66588 0.95133 11157
0 52 56.8336 0.183591 4.55153 1.0846 6964
0 53 55.9886 0.155156 4.65117 1.67313 8224
0 54 58.6252 0.205276 4.69078 0.810967 5725
0 55 56.3137 0.168457 4.82689 0.863417 7313
0 56 57.5457 0.153147 4.89897 1.15274 9174
0 57 56.6946 0.143527 4.93874 1.35193 10436
0 58 59.0053 0.197151 5.36833 1.16148 6103
0 59 56.1707 0.140043 4.93159 0.984791 10965
0 60 56.647 0.163542 4.53327 0.870834 8635
0 61 55.5202 0.122296 4.81307 0.778478 14443
0 62 55.5879 0.151336 4.47376 0.841551 11047
0 63 57.3119 0.184733 5.27561 0.906949 6640
1 0 55.1393 0.151661 4.86227 1.07878 9865
1 1 56.2841 0.153688 5.07764 1.05742 9935
1 2 56.143 0.154694 4.80499 0.758175 10119
1 3 59.5975 0.215095 5.7414 0.847419 5459
1 4 57.6518 0.230197 4.96316 1.28842 4889
1 5 57.0838 0.199354 5.3164 1.12873 5858
1 6 56.0121 0.158869 4.91693 1.02462 8908
1 7 57.85 0.16183 5.07355 1.20251 9470
1 8 61.6392 0.21785 5.68645 1.12418 5904
1 9 61.7936 0.167099 5.24378 1.45478 9483
1 10 61.2784 0.158453 5.37475 0.980377 10834
1 11 54.851 0.215272 5.30113 0.889781 5577
1 12 56.9362 0.207575 5.39147 1.43318 5534
1 13 58.3934 0.191376 4.93057 0.940102 6742
1 14 53.7736 0.187911 4.89942 0.851773 6435
1 15 57.6578 0.232473 5.18636 0.81761 4878
1 16 57.1413 0.143954 4.90485 0.906249 12782
1 17 53.7291 0.227125 4.0713 0.88924 5520
1 18 57.0259 0.240042 5.18778 0.713926 4808
1 19 56.3521 0.17423 4.79058 1.30565 8903
1 20 55.9796 0.220935 5.04573 0.850426 5131
1 21 60.5392 0.181085 5.05983 0.953721 9263
1 22 56.5238 0.194074 4.99158 1.18804 7008
1 23 54.4001 0.198664 4.9774 1.41119 5894
1 24 53.0415 0.201311 4.42026 0.740386 5751
1 25 55.9086 0.152846 5.09272 0.887547 10640
1 26 52.9716 0.201459 4.90214 0.78333 5738
1 27 61.3703 0.233182 5.72959 1.23473 5344
1 28 57.1998 0.188081 5.37321 1.10754 7079
1 29 53.6352 0.204496 4.51779 1.15152 5923
1 30 56.535 0.216109 5.4474 1.00461 5354
1 31 55.9798 0.161736 5.25714 0.828279 9236
1 32 56.91 0.187919 5.26612 0.876905 6654
1 33 0 0 0 0 0
1 34 60.2667 0.203809 4.9238 0.862142 6278
1 35 60.3987 0.160543 5.24766 0.708975 11251
1 36 56.2492 0.245689 4.961 1.26063 4715
1 37 0 0 0 0 0
1 38 55.3195 0.133264 4.73541 0.93559 13575
1 39 60.1545 0.1898 4.94995 0.921968 7791
1 40 56.1133 0.226373 6.65909 1.42603 4939
1 41 0 0 0 0 0
1 42 0 0 0 0 0
1 43 0 0 0 0 0
1 44 0 0 0 0 0
1 45 0 0 0 0 0
1 46 0 0 0 0 0
1 47 0 0 0 0 0
1 48 0 0 0 0 0
1 49 0 0 0 0 0
1 50 0 0 0 0 0
1 51 0 0 0 0 0
1 52 0 0 0 0 0
1 53 0 0 0 0 0
1 54 58.7143 0.161876 4.68176 1.24736 8060
1 55 63.2196 0.190203 6.95427 2.67766 7266
1 56 57.9113 0.185189 4.74245 1.05409 6562
1 57 55.967 0.185041 4.24077 0.656918 6982
1 58 60.1883 0.180806 4.76615 0.995814 7238
1 59 63.4859 0.199013 5.58901 0.984512 6034
1 60 63.3371 0.182114 5.51647 0.887738 7702
1 61 63.7289 0.199234 4.88227 1.00236 6967
1 62 63.8473 0.190134 5.23718 1.03331 7020
1 63 63.8261 0.185867 5.08131 0.967856 7496
2 0 62.3021 0.0493605 0.361484 16.0211 13266
2 1 55.8189 0.159612 4.3527 1.08976 8441
2 2 61.8812 0.181365 5.19132 0.826613 7369
2 3 55.4848 0.209854 4.53465 1.26056 5094
2 4 58.2278 0.224297 5.18468 1.03742 4777
2 5 57.3374 0.210998 4.61807 1.00357 5381
2 6 62.4944 0.201351 5.13683 0.981423 6505
2 7 56.737 0.280823 5.02457 1.35428 2925
2 8 55.9303 0.186021 4.73498 1.36619 6222
2 9 55.4998 0.18045 4.7698 1.35172 6152
2 10 55.4053 0.185321 4.40588 1.27554 5953
2 11 56.0628 0.215726 5.13775 1.20975 5145
2 12 61.9255 0.200133 4.67551 1.0049 5799
2 13 55.3702 0.236797 4.21289 0.941197 4071
2 14 55.6713 0.143883 4.65073 0.973727 11451
2 15 56.7695 0.236766 4.48848 1.03253 4105
2 16 54.9845 0.252253 4.83938 1.15456 3429
2 17 56.3353 0.182728 4.77119 0.995338 6331
2 18 56.4378 0.220908 4.58328 1.21144 4660
2 19 56.4588 0.324751 4.44394 0.914976 2639
2 20 57.2051 0.206278 4.69454 1.07116 5379
2 21 56.1391 0.176768 4.64781 1.32404 6761
2 22 55.3969 0.209432 5.07278 1.13609 4869
2 23 56.5491 0.18103 4.4335 0.937533 6478
2 24 56.3848 0.188787 4.28637 1.20675 7256
2 25 54.9655 0.271464 6.00675 1.15363 2800
2 26 56.4754 0.14536 4.43155 1.19816 10946
2 27 56.6065 0.220217 4.478 1.07448 4702
2 28 55.8302 0.219122 4.86522 0.934063 4452
2 29 56.6687 0.17508 4.73506 1.12337 7447
2 30 57.9072 0.202498 5.40314 0.916902 5299
2 31 55.0086 0.282917 5.27956 0.947088 2687
2 32 56.4908 0.220797 6.24031 1.79073 4432
2 33 62.7329 0.24016 5.63642 0.839641 4761
2 34 56.1651 0.129717 4.63429 1.34926 12948
2 35 62.5946 0.340614 4.61202 1.03989 2802
2 36 56.8834 0.212733 4.99228 0.974317 5127
2 37 0 0 0 0 0
2 38 55.2583 0.256598 4.3459 1.22028 3564
2 39 55.6941 0.157918 4.42726 1.00334 8823
2 40 57.0328 0.214709 4.90563 0.994064 5264
2 41 56.1121 0.224474 4.61899 1.10607 4117
2 42 56.9154 0.21263 5.52125 1.04387 5112
2 43 56.287 0.176948 4.53306 1.06932 7555
2 44 56.6253 0.204513 4.88829 0.830687 5208
2 45 56.7818 0.216691 4.60096 0.605179 4391
2 46 55.9411 0.135425 5.03405 1.07306 12185
2 47 0 0 0 0 0
2 48 55.9998 0.212212 4.79897 1.44405 4938
2 49 56.4447 0.195358 4.79786 1.32363 5766
2 50 62.4919 0.215189 5.43353 1.45109 5586
2 51 57.4312 0.149476 4.81883 0.724672 10289
2 52 56.5536 0.181895 4.46822 1.16122 6587
2 53 52.906 0.160425 4.58053 1.01194 7775
2 54 57.238 0.2091 4.6961 0.796193 6016
2 55 57.1507 0.168674 4.93525 0.933506 7899
2 56 59.7238 0.171567 4.89333 1.53924 8268
2 57 57.4875 0.148992 4.93769 1.49266 9697
2 58 57.351 0.203264 5.13841 1.10551 6070
2 59 55.4506 0.134722 4.71503 0.79672 11250
2 60 55.6367 0.163683 4.63804 1.44549 8201
2 61 55.5873 0.120391 4.18998 0.932443 15617
2 62 56.4587 0.133888 4.5909 0.908234 12358
2 63 57.4091 0.184015 4.73953 1.65003 6685
3 0 58.9236 0.138554 5.01596 1.22516 12291
3 1 59.173 0.136267 4.81814 1.06788 11837
3 2 59.3287 0.143679 4.98726 0.804407 11949
3 3 65.6181 0.191827 5.35565 1.34648 7539
3 4 59.5236 0.209958 5.00226 1.05372 5964
3 5 59.7301 0.182618 5.49952 1.23603 7451
3 6 0 0 0 0 0
3 7 60.4612 0.135965 5.08718 1.30788 13605
3 8 0 0 0 0 0
3 9 59.4984 0.148264 5.07685 1.04079 10661
3 10 64.7899 0.144344 5.38922 1.33041 13447
3 11 59.1036 0.200508 5.41399 1.28928 6251
3 12 59.4352 0.183673 5.35718 0.805826 7171
3 13 60.1595 0.176549 5.21459 0.831736 8020
3 14 58.7983 0.158515 5.33796 0.855529 9102
3 15 60.1041 0.214778 4.65802 1.2751 5870
3 16 59.3395 0.117431 4.8219 1.22027 18147
3 17 58.4024 0.187896 4.81162 0.822421 6361
3 18 59.6681 0.204401 5.34526 1.13552 5688
3 19 60.5033 0.1454 5.11396 1.59622 11460
3 20 59.5443 0.207119 4.7989 0.937801 5924
3 21 59.3658 0.154862 4.99595 1.45778 10515
3 22 60.0762 0.158658 5.19275 1.03327 9697
3 23 59.6738 0.197208 4.94873 1.04703 6728
3 24 59.8806 0.171461 4.85301 1.30892 8077
3 25 60.0159 0.13991 4.92969 1.0462 12088
3 26 58.7074 0.173732 4.64624 1.8831 7507
3 27 65.3284 0.204979 5.25372 1.02952 6117
3 28 61.2023 0.172544 5.15305 1.21576 8308
3 29 58.3245 0.186148 4.89323 1.22025 6631
3 30 61.1115 0.215597 5.64503 0.786294 5756
3 31 65.1531 0.14212 5.29182 1.10475 12814
3 32 61.514 0.172732 4.9894 0.846188 8529
3 33 61.153 0.190713 4.8906 1.16589 6245
3 34 58.2941 0.176024 4.96935 1.09667 7810
3 35 61.091 0.152358 4.91354 1.20973 11352
3 36 60.6996 0.210078 4.90469 0.89353 6087
3 37 0 0 0 0 0
3 38 61.0508 0.142691 5.21669 0.937582 12612
3 39 59.8748 0.164264 4.84108 1.09384 8356
3 40 60.8339 0.217223 5.82411 1.35218 5965
3 41 0 0 0 0 0
3 42 61.0403 0.209611 4.90197 1.08268 5840
3 43 58.8628 0.197659 4.42068 0.963221 7004
3 44 61.3285 0.167427 5.11431 0.983484 9220
3 45 61.5739 0.212462 5.11616 1.06285 5753
3 46 59.4272 0.173707 5.14956 0.990196 8240
3 47 64.1295 0.134133 5.14344 1.37336 15766
3 48 61.1306 0.223268 5.29343 1.00771 5514
3 49 60.402 0.207308 5.24465 1.29102 6246
3 50 61.7613 0.188677 5.1807 1.04276 7151
3 51 57.1029 0.152562 4.49539 0.959464 9328
3 52 59.0886 0.2061 4.21044 0.977387 6212
3 53 60.8528 0.146221 4.84351 1.16696 10975
3 54 59.6139 0.179355 5.0214 0.905199 6886
3 55 58.5331 0.172346 5.12886 1.43619 7927
3 56 59.5106 0.168189 4.87917 1.10897 8075
3 57 58.5343 0.161376 4.70873 0.959175 9255
3 58 0 0 0 0 0
3 59 58.9694 0.177111 4.91732 1.04101 7720
3 60 64.0907 0.185533 4.96107 0.8553 8437
3 61 56.8334 0.15368 4.58876 0.70483 10043
3 62 0 0 0 0 0
3 63 59.7872 0.179648 4.64473 1.21631 7863
4 0 59.3746 0.124938 4.64318 0.937682 14245
4 1 60.7396 0.151708 4.93904 1.2878 10463
4 2 60.6537 0.158244 4.93377 0.994947 9413
4 3 59.8855 0.20913 4.60697 1.55947 5425
4 4 60.7401 0.210144 4.84214 1.26945 5545
4 5 60.5488 0.201292 5.28018 0.814574 6073
4 6 66.1566 0.183825 5.50078 1.34176 8302
4 7 58.4311 0.258861 5.07506 1.28717 3313
4 8 66.7818 0.201924 5.51851 0.9794 6590
4 9 58.9686 0.170667 4.3982 0.951392 8058
4 10 66.2404 0.194171 5.20506 1.08108 7534
4 11 60.1825 0.183574 4.70864 1.27928 6514
4 12 60.4651 0.194895 5.10684 0.907077 5741
4 13 60.4915 0.234868 4.61353 1.12354 4715
4 14 60.4944 0.145493 5.26489 0.785117 11483
4 15 60.3054 0.213981 5.41539 1.32419 4918
4 16 66.932 0.274659 5.60603 0.786686 4248
4 17 61.0937 0.181996 4.95799 1.33227 7344
4 18 60.4565 0.211661 5.00083 1.05078 5479
4 19 59.0237 0.271912 5.16504 1.32646 2982
4 20 60.7547 0.228465 5.47021 0.876528 5081
4 21 67.4153 0.17553 5.44619 1.074 8836
4 22 59.9875 0.208961 4.8024 1.2777 5087
4 23 67.3674 0.211181 5.57344 0.648551 6204
4 24 61.2184 0.182204 5.41659 0.868258 7463
4 25 59.0293 0.321154 6.43232 1.07309 2625
4 26 60.1507 0.137008 5.00445 1.0232 11924
4 27 60.4268 0.223352 5.37284 0.693041 4488
4 28 61.0632 0.241596 4.65838 1.01421 4184
4 29 66.6331 0.201151 5.4523 1.08954 7050
4 30 67.9965 0.234449 5.46939 0.973506 5238
4 31 67.504 0.333454 5.41597 0.900513 2504
4 32 60.8693 0.238833 5.0819 0.895977 3817
4 33 61.1114 0.254272 5.22633 1.11142 4009
4 34 60.5953 0.144017 5.0766 0.81305 10931
4 35 59.6627 0.294707 4.86795 1.21726 2896
4 36 60.9267 0.230886 5.09529 1.07789 4557
4 37 0 0 0 0 0
4 38 57.9167 0.279618 5.52974 1.48404 3023
4 39 67.3154 0.216099 6.22252 1.04081 6169
4 40 32.7613 5.89833 8.16368 0.853097 1618
4 41 60.1912 0.244884 4.81033 0.971213 4111
4 42 61.8004 0.224675 5.33112 1.22066 5081
4 43 61.0784 0.186123 5.23788 0.919273 6363
4 44 58.9529 0.215077 4.68935 0.990182 5222
4 45 60.5799 0.234859 5.34939 1.45782 4363
4 46 59.8826 0.156588 5.05097 1.3791 10164
4 47 66.3186 0.294454 5.79111 0.898732 3318
4 48 61.4714 0.219706 5.23284 1.33157 4864
4 49 61.3852 0.208173 5.23088 0.937087 5715
4 50 60.7662 0.198054 4.94453 0.960734 5630
4 51 59.4596 0.17262 5.06362 1.0299 7774
4 52 61.0014 0.210857 5.1859 0.902811 6894
4 53 66.5014 0.257722 5.2196 0.959224 5051
4 54 60.7668 0.195914 5.06123 0.942679 6229
4 55 60.1769 0.169687 4.66491 1.21822 8291
4 56 65.9541 0.219525 6.27648 1.47724 6231
4 57 59.5731 0.177775 4.8521 0.977448 6962
4 58 60.5826 0.198472 5.22584 1.07655 6054
4 59 59.2396 0.144716 4.89651 0.843003 11165
4 60 60.1088 0.200042 5.16528 1.31609 5519
4 61 58.4296 0.13786 4.67642 1.06434 11727
4 62 58.1195 0.132642 4.65688 0.87389 12780
4 63 59.4939 0.185135 5.67024 1.09713 7137
5 0 66.4172 0.178799 5.58681 0.922428 8592
5 1 60.532 0.177335 5.16272 1.20788 7841
5 2 60.7502 0.183086 5.39787 1.0371 7974
5 3 61.7472 0.184939 5.4044 1.19685 7501
5 4 60.7643 0.209242 5.61362 1.04521 5754
5 5 61.0201 0.186106 5.33392 1.18657 7022
5 6 61.6041 0.188662 5.19374 1.14237 7522
5 7 59.7563 0.137807 4.62907 0.858602 14083
5 8 60.3514 0.173593 4.75367 0.933514 7900
5 9 62.407 0.181408 5.09178 1.39534 7714
5 10 61.7786 0.162075 5.36439 1.57341 9488
5 11 59.5142 0.198852 4.78156 0.987697 6190
5 12 61.6907 0.174278 5.15499 1.21168 7554
5 13 62.2588 0.175972 5.22236 1.5654 8244
5 14 59.1296 0.160184 4.73445 1.27108 9281
5 15 62.018 0.1966 4.91028 1.05397 6288
5 16 59.2514 0.136954 4.73613 1.01548 12699
5 17 59.2492 0.200895 5.14122 1.21038 6449
5 18 61.825 0.216948 4.80124 1.21367 5895
5 19 60.5762 0.149511 5.37574 1.14875 11553
5 20 61.3325 0.223735 5.52133 1.08892 5571
5 21 61.7941 0.19083 5.35773 1.56644 7407
5 22 62.3937 0.168849 5.07588 0.974826 9813
5 23 61.663 0.213113 4.51529 1.05439 5912
5 24 58.4107 0.176059 4.75615 1.33697 7785
5 25 61.3384 0.150783 5.20064 1.40005 10501
5 26 60.6596 0.178185 5.07833 1.23339 7482
5 27 62.4644 0.217054 5.64684 1.21513 5668
5 28 62.8589 0.187981 5.19339 1.19542 7406
5 29 60.5841 0.201913 5.11494 0.891976 6052
5 30 62.9834 0.223553 5.05775 1.1577 5524
5 31 66.4696 0.161466 5.43052 1.11332 11095
5 32 66.6818 0.190286 5.78268 1.07559 8168
5 33 62.9799 0.201098 5.37186 1.48093 6201
5 34 60.1212 0.191887 4.98852 1.46414 7096
5 35 66.3169 0.145712 5.46024 1.12402 12619
5 36 61.6094 0.21164 5.10061 1.11878 5978
5 37 0 0 0 0 0
5 38 60.4864 0.137924 5.04379 0.997214 12878
5 39 65.9942 0.15974 5.40439 1.12214 10864
5 40 60.6451 0.213034 5.36544 1.08314 5983
5 41 60.9986 0.17552 5.62329 1.17487 8616
5 42 61.2473 0.202174 5.18052 0.9744 6321
5 43 59.5399 0.185298 5.00824 0.671771 6836
5 44 66.7911 0.172175 5.31429 0.982328 9489
5 45 62.4621 0.2047 5.25203 0.924578 6622
5 46 60.2347 0.177583 4.93277 1.35273 7758
5 47 62.1476 0.122806 5.06258 1.28951 17385
5 48 62.7021 0.194162 5.40494 1.18471 6564
5 49 60.6287 0.182405 5.03096 1.06175 7214
5 50 63.448 0.198752 5.28943 0.811062 7312
5 51 60.6344 0.145401 4.85858 1.01392 11645
5 52 60.248 0.187526 4.69254 0.998207 7259
5 53 66.4395 0.151466 5.40336 1.11426 13534
5 54 61.4238 0.182835 5.12496 0.914312 7273
5 55 60.6251 0.173963 5.29588 1.13206 7648
5 56 60.3692 0.148661 4.97665 1.3346 10625
5 57 66.0085 0.156312 5.04275 1.04351 11930
5 58 60.9972 0.188504 5.34916 1.04536 7266
5 59 60.0715 0.175393 5.50747 1.01807 8557
5 60 60.6815 0.148664 5.21815 1.34355 11168
5 61 62.5396 0.156827 5.47556 0.932832 11517
5 62 59.5251 0.168091 4.83677 1.33847 8811
5 63 61.2604 0.189866 5.03946 0.972934 7675
6 0 59.2362 0.125765 4.66678 0.773076 14209
6 1 61.4895 0.157374 4.57608 0.701999 11125
6 2 61.7797 0.147523 4.83381 1.00322 10951
6 3 61.0616 0.224682 7.01178 1.87969 5322
6 4 61.8237 0.21127 5.23032 1.26024 5444
6 5 62.2742 0.198446 5.2133 1.03269 6240
6 6 61.3337 0.160832 5.15909 0.991685 9725
6 7 59.778 0.268194 5.24033 1.15242 3291
6 8 61.2024 0.188106 5.31755 1.21313 6974
6 9 61.0306 0.181371 4.37481 1.06942 8606
6 10 60.3939 0.170742 4.81798 0.928263 8409
6 11 60.4689 0.206188 5.32215 1.25496 6154
6 12 62.2025 0.210557 5.16521 0.94046 5927
6 13 60.2709 0.227919 4.85152 0.832258 4574
6 14 60.773 0.147779 4.87655 1.32462 12447
6 15 61.7759 0.234502 4.77853 0.862066 4831
6 16 59.6037 0.222615 5.44263 0.902931 4911
6 17 60.9743 0.178633 5.01235 1.12553 7220
6 18 61.3483 0.22426 5.56356 0.926219 5326
6 19 58.2869 0.292261 5.02205 0.696169 2685
6 20 61.6958 0.228791 5.3476 1.13344 4837
6 21 61.9598 0.168806 4.83692 1.20024 9206
6 22 59.9396 0.229495 5.28956 0.966305 4909
6 23 60.4552 0.212571 5.03018 0.747393 5422
6 24 61.199 0.171762 5.28359 0.950327 7895
6 25 58.8672 0.316967 5.10245 1.12151 2520
6 26 61.2663 0.140636 4.88953 1.14931 12121
6 27 61.8304 0.2582 5.35114 1.04502 4075
6 28 60.217 0.266069 5.02247 0.82725 3808
6 29 0 0 0 0 0
6 30 62.0676 0.246191 5.51348 1.22723 4564
6 31 59.2298 0.352022 4.41676 0.779808 2459
6 32 60.3429 0.255531 4.76337 0.883037 3598
6 33 60.813 0.267324 5.13704 1.01566 3643
6 34 60.7435 0.157817 4.68015 0.820792 10398
6 35 58.3066 0.3391 5.83757 0.842435 2679
6 36 61.7521 0.235097 5.58725 0.975347 4327
6 37 0 0 0 0 0
6 38 60.8265 0.325036 4.65426 0.910658 2367
6 39 67.2577 0.295771 5.97868 0.878817 3472
6 40 61.5288 0.245037 5.72761 0.972674 4602
6 41 59.9204 0.226943 5.51765 1.13938 4511
6 42 61.3453 0.219908 4.71931 1.1898 5208
6 43 60.3536 0.20085 5.47374 1.17969 6013
6 44 59.9355 0.238268 4.86254 0.813367 3949
6 45 61.1064 0.222353 4.81685 1.1642 4671
6 46 60.277 0.151538 5.07183 0.963269 10545
6 47 67.9999 0.381158 6.03953 0.898289 1964
6 48 59.9507 0.210822 5.3837 1.03208 5311
6 49 60.1688 0.207235 4.51227 0.884954 6276
6 50 59.5689 0.23584 5.38426 1.31542 4135
6 51 60.653 0.236485 5.67448 1.23667 4561
6 52 60.6439 0.179688 4.92773 1.41299 7466
6 53 58.9077 0.273497 4.67068 0.879572 2979
6 54 59.8415 0.218975 4.77917 1.12541 4798
6 55 60.1024 0.190575 4.86613 1.22141 6336
6 56 62.1118 0.269253 5.34208 1.22483 3469
6 57 66.9319 0.270082 6.05148 0.924116 4053
6 58 59.8175 0.231096 5.32117 0.769246 4567
6 59 60.6745 0.141569 5.14426 0.809271 12005
6 60 59.6444 0.313 4.55771 0.848335 3142
6 61 59.9629 0.180954 5.2039 1.24569 7331
6 62 61.038 0.147085 4.88614 1.22573 10583
6 63 59.3427 0.204231 4.94853 0.814363 5538
7 0 60.8494 0.220645 5.23441 1.17689 5360
7 1 61.3177 0.234418 5.46557 0.954566 4657
7 2 60.6543 0.242296 4.97724 0.969274 4373
7 3 0 0 0 0 0
7 4 61.9803 0.202489 5.4828 1.32092 6341
7 5 61.5507 0.213682 5.55423 1.14951 5670
7 6 62.3232 0.252864 5.10758 1.19824 4348
7 7 60.0713 0.146346 4.97568 1.09647 11103
7 8 60.7595 0.196283 5.22711 1.25485 6134
7 9 0 0 0 0 0
7 10 62.0633 0.221363 4.66019 1.06244 5369
7 11 59.4751 0.200807 4.96573 1.13207 6901
7 12 60.9797 0.206833 5.15012 0.961147 5954
7 13 62.8486 0.169123 4.91162 0.998711 9262
7 14 59.893 0.186239 5.08958 0.923455 6995
7 15 62.4257 0.182463 5.23863 1.30093 7081
7 16 62.2835 0.178799 4.89545 1.03366 8016
7 17 59.5597 0.186309 5.46013 1.32344 6843
7 18 62.3115 0.188296 5.43601 1.00313 6819
7 19 62.4012 0.14213 4.74227 1.25199 13220
7 20 62.7405 0.217157 5.01557 1.25222 5380
7 21 66.9042 0.252508 5.05492 0.784878 4661
7 22 62.6718 0.177222 5.39339 0.974973 7955
7 23 61.4358 0.209871 4.80857 1.0688 5501
7 24 60.3431 0.203426 4.94385 0.819565 6000
7 25 59.3922 0.149519 5.06101 0.983984 10636
7 26 59.2432 0.169849 5.25314 1.04392 7953
7 27 63.474 0.221149 5.61613 1.2044 5485
7 28 63.0361 0.185431 4.99823 1.61838 7536
7 29 59.6955 0.215301 4.76432 1.44428 5463
7 30 62.4421 0.220591 5.13682 1.01431 5420
7 31 60.6539 0.150345 4.99991 1.19147 10937
7 32 62.8844 0.172395 4.62162 0.953848 7596
7 33 63.1301 0.203333 4.93445 0.92002 5712
7 34 59.6374 0.179746 5.18337 1.07524 7184
7 35 61.7693 0.137225 4.70057 0.940123 12675
7 36 62.8729 0.219149 5.46414 0.764059 5481
7 37 0 0 0 0 0
7 38 60.9301 0.133297 4.99591 1.33269 13138
7 39 60.9439 0.149088 5.0185 1.28644 11540
7 40 62.6718 0.229723 5.38668 1.04088 5562
7 41 65.9622 0.172994 5.59003 1.22462 8648
7 42 61.9515 0.201382 5.32264 0.648999 6333
7 43 59.8432 0.202162 5.35122 1.12149 6158
7 44 62.6992 0.167689 5.24772 1.18541 9254
7 45 66.1802 0.201015 5.63607 1.1438 6584
7 46 59.8321 0.191116 5.11719 1.57988 7177
7 47 0 0 0 0 0
7 48 62.6265 0.204842 5.13755 1.3504 6318
7 49 65.4754 0.203693 5.89952 0.884351 6900
7 50 63.4378 0.185726 4.95789 1.29049 7303
7 51 65.9655 0.154189 5.29377 0.955625 11660
7 52 60.0322 0.189059 5.03602 1.28134 7066
7 53 62.0357 0.141172 5.43998 1.35036 12956
7 54 62.1758 0.187654 5.4166 1.26613 7315
7 55 60.2352 0.179074 5.20431 1.06547 7583
7 56 60.3539 0.145763 5.06597 1.00642 10880
7 57 60.8848 0.148528 5.26204 1.06018 11765
7 58 61.5458 0.186979 5.17837 0.979874 7116
7 59 59.6313 0.171111 5.1532 1.47197 8327
7 60 61.1803 0.152862 5.33097 0.907679 11019
7 61 64.4777 0.148983 5.53216 0.932852 12471
7 62 58.9874 0.167216 5.08017 1.05699 8908
7 63 61.4723 0.180236 5.20876 1.23396 7544
8 0 59.7426 0.176574 4.61288 0.860299 7761
8 1 60.0636 0.189697 4.86986 1.43238 6719
8 2 62.9102 0.210467 4.62803 1.06021 6322
8 3 61.0186 0.18113 5.15238 0.933903 6770
8 4 65.6526 0.232625 6.55239 0.987061 5329
8 5 0 0 0 0 0
8 6 58.571 0.209456 4.83004 1.27866 5586
8 7 0 0 0 0 0
8 8 61.6195 0.195198 5.19271 1.1301 6695
8 9 58.9364 0.194099 4.51187 1.07254 6318
8 10 59.3105 0.171296 4.32322 1.12356 8356
8 11 65.7408 0.220077 5.51055 1.26464 5970
8 12 66.0813 0.212369 5.86766 1.01689 6236
8 13 66.3904 0.188703 5.63854 1.34677 7746
8 14 64.9909 0.185053 5.21339 1.03268 8311
8 15 62.1091 0.200024 5.26552 0.948345 5837
8 16 66.5592 0.181295 5.33581 1.06994 9276
8 17 59.8278 0.199242 4.68971 1.01424 6297
8 18 62.0324 0.214667 4.92397 1.25081 5529
8 19 61.1018 0.178232 4.88788 1.2912 8060
8 20 62.0531 0.226921 5.70609 1.19769 5086
8 21 60.5878 0.220039 4.50909 1.38738 5840
8 22 62.4847 0.167485 5.0845 0.741615 8935
8 23 59.6532 0.193729 4.95845 1.14978 5845
8 24 66.0325 0.196997 5.69036 1.0789 7278
8 25 62.637 0.204991 5.54078 1.05344 6936
8 26 60.2613 0.191764 4.61603 1.26655 7051
8 27 63.3691 0.218387 5.54344 0.952196 5619
8 28 67.4029 0.208307 5.43127 1.27587 6449
8 29 59.6181 0.193281 4.76218 1.0148 6458
8 30 62.3045 0.239882 5.35843 1.27564 5090
8 31 66.541 0.180096 5.28494 1.07442 8756
8 32 67.1003 0.184855 5.1466 0.816084 8302
8 33 62.3969 0.194035 5.05167 1.16861 6683
8 34 60.3568 0.198546 4.47417 1.06676 6823
8 35 61.4333 0.177867 4.74734 1.05503 8338
8 36 61.985 0.193669 5.07789 1.16437 6706
8 37 0 0 0 0 0
8 38 67.0177 0.183727 5.08254 0.904189 8951
8 39 61.343 0.14846 5.06877 1.14695 11028
8 40 35.416 0.423797 0.676764 1.46866 1294
8 41 62.7673 0.185924 5.38535 1.15238 7851
8 42 62.0278 0.196509 5.38829 1.22271 6258
8 43 58.7924 0.167824 4.6897 1.13846 8063
8 44 63.3051 0.174108 5.31119 1.32314 8346
8 45 62.776 0.204085 5.28276 0.975758 6522
8 46 58.8922 0.160562 4.97408 1.00478 9102
8 47 62.6487 0.129056 4.85037 1.2807 14947
8 48 62.4545 0.203325 5.06287 1.25252 6306
8 49 60.9315 0.189963 4.99129 1.24277 7293
8 50 63.331 0.193943 5.02725 1.07996 7738
8 51 58.4194 0.124598 4.65983 1.19955 14382
8 52 59.5211 0.177668 5.14248 1.02273 7640
8 53 62.6888 0.134671 5.18169 0.907187 13900
8 54 64.9142 0.209469 5.50328 1.16805 6799
8 55 59.1688 0.160894 4.99491 1.01092 9194
8 56 60.8163 0.147419 5.08274 0.975159 10803
8 57 59.6331 0.136673 4.58586 0.909119 12610
8 58 60.6317 0.191362 5.36481 0.902063 6873
8 59 58.113 0.162055 4.99907 1.21189 8653
8 60 61.3701 0.144031 5.02409 0.917172 11401
8 61 56.5984 0.120021 4.43036 1.35378 15939
8 62 58.452 0.16238 5.00475 1.20732 9266
8 63 60.7512 0.186817 4.92947 1.19113 7931
9 0 52.9617 0.172137 4.38201 1.00816 6586
9 1 53.9737 0.213126 4.78805 0.969137 4733
9 2 53.5291 0.238556 4.56403 0.837624 3527
9 3 53.1401 0.246919 4.01176 0.977967 3560
9 4 53.3815 0.333326 4.33428 1.12315 1997
9 5 60.9837 0.374225 4.71342 1.1278 2112
9 6 52.8996 0.237784 4.19604 0.877852 3478
9 7 49.1231 0.232596 3.99326 0.897267 3723
9 8 53.7938 0.292101 4.51656 1.09528 2259
9 9 52.4156 0.200222 4.71599 1.2702 5890
9 10 52.1555 0.166751 4.36206 1.08609 7506
9 11 52.2402 0.318997 4.33201 1.22154 2004
9 12 52.5874 0.318227 3.69367 0.814855 2736
9 13 50.9218 0.250359 3.98437 1.08049 3314
9 14 52.8366 0.239317 4.62201 0.87101 3869
9 15 51.6546 0.279639 4.4493 1.15039 2718
9 16 50.9158 0.167204 4.06046 0.933936 7419
9 17 52.5159 0.275237 4.4543 1.56274 2911
9 18 51.9155 0.324732 4.70162 0.93698 2255
9 19 50.8404 0.255767 4.39354 0.962746 3356
9 20 52.4539 0.320579 4.09954 1.30871 2096
9 21 51.1021 0.218017 4.44488 1.01505 4318
9 22 49.4924 0.239931 3.82167 0.879662 3970
9 23 50.8595 0.348396 3.68678 0.901594 2183
9 24 53.1636 0.275339 4.49699 1.09708 3224
9 25 58.8587 0.276377 5.18812 1.13021 3653
9 26 50.7835 0.227638 4.27854 1.18726 3698
9 27 50.9466 0.29712 4.13683 1.05902 2755
9 28 48.4376 0.243647 4.38079 1.16118 3547
9 29 51.1692 0.271751 4.55667 0.93216 3092
9 30 49.4194 0.303017 4.45931 1.03354 2419
9 31 50.0718 0.388956 3.49718 1.29208 1826
9 32 48.8923 0.334689 4.4066 0.591756 1833
9 33 52.2521 0.385057 4.50566 1.1792 1939
9 34 51.7158 0.219936 4.59046 1.3427 4058
9 35 51.586 0.526734 5.49674 1.39826 802
9 36 51.1799 0.437648 4.4768 1.0727 1818
9 37 0 0 0 0 0
9 38 54.1126 2.1658 2.26819 1.0633 409
9 39 50.3788 0.328152 4.74455 1.15288 2259
9 40 51.321 0.389301 4.36514 1.2609 1936
9 41 0 0 0 0 0
9 42 0 0 0 0 0
9 43 0 0 0 0 0
9 44 0 0 0 0 0
9 45 0 0 0 0 0
9 46 0 0 0 0 0
9 47 0 0 0 0 0
9 48 0 0 0 0 0
9 49 0 0 0 0 0
9 50 0 0 0 0 0
9 51 0 0 0 0 0
9 52 0 0 0 0 0
9 53 0 0 0 0 0
9 54 54.4287 0.295485 4.33637 1.45729 2373
9 55 56.2444 0.253188 4.44328 1.39402 3684
9 56 54.8699 0.291125 3.92863 1.31985 2593
9 57 61.6114 0.29632 4.55515 1.39813 2680
9 58 55.3211 0.298335 4.0326 1.0004 2584
9 59 61.5731 0.257921 4.5516 1.13358 3378
9 60 0 0 0 0 0
9 61 56.2749 0.230618 4.50487 0.83883 4063
9 62 56.818 0.22513 4.57511 1.13884 4143
9 63 61.702 0.315385 4.26886 1.12551 2609
10 0 56.6536 0.134443 4.24895 0.878071 12274
10 1 58.8266 0.152282 4.99988 0.95445 11011
10 2 59.4592 0.16005 4.40303 1.56708 9948
10 3 61.407 0.182325 5.57224 1.09762 7686
10 4 61.05 0.203648 5.72728 1.06456 6576
10 5 60.4282 0.179967 4.89104 0.888394 7525
10 6 59.8589 0.163244 4.93556 1.08346 8816
10 7 59.2267 0.166813 4.88868 1.06439 9555
10 8 59.6551 0.161307 4.96855 1.1297 8724
10 9 61.6639 0.163129 5.21166 1.30572 9133
10 10 61.9656 0.155912 4.92142 1.66795 10944
10 11 59.1334 0.174482 4.83691 1.19751 7537
10 12 61.5197 0.190022 4.56968 1.28713 7501
10 13 61.7874 0.187678 5.06806 1.04955 7388
10 14 57.8272 0.15014 4.97475 0.998632 10218
10 15 60.7744 0.206163 4.95195 1.20772 6703
10 16 65.5158 0.16032 5.61425 1.40269 11496
10 17 58.7971 0.171187 5.16292 1.22105 8283
10 18 60.5096 0.201978 5.01115 1.14403 6426
10 19 61.0282 0.183569 5.00053 1.09105 7577
10 20 60.5911 0.179291 5.58764 1.23815 7815
10 21 0 0 0 0 0
10 22 61.858 0.166566 5.45748 0.627307 9172
10 23 0 0 0 0 0
10 24 58.0988 0.160513 4.88934 1.12916 9014
10 25 61.1062 0.165565 5.27189 1.04284 8954
10 26 58.6727 0.159776 5.11001 1.0107 8930
10 27 61.7624 0.18366 5.51362 0.839393 7485
10 28 62.5405 0.173044 5.63931 0.91157 8580
10 29 58.8522 0.147863 5.02535 1.1701 10351
10 30 61.7354 0.181145 5.42572 1.26839 7845
10 31 61.2761 0.164941 4.85671 1.23477 8974
10 32 61.7873 0.17193 5.27838 1.09453 8328
10 33 62.0606 0.193841 5.71588 0.967484 7339
10 34 59.438 0.310972 2.54623 1.62065 15597
10 35 61.0239 0.178609 5.09691 1.0231 8142
10 36 61.0431 0.184921 5.41865 1.10924 7605
10 37 0 0 0 0 0
10 38 67.4643 37.0033 11.619 18.0192 9738
10 39 59.916 0.152369 5.35241 0.988372 11056
10 40 0 0 0 0 0
10 41 61.9805 0.175568 4.56269 1.16943 7610
10 42 61.3266 0.195757 4.68511 1.10401 7056
10 43 0 0 0 0 0
10 44 61.6626 0.166123 5.1414 0.769909 9187
10 45 61.7643 0.181734 4.72717 1.37989 7132
10 46 60.4743 0.148717 5.00412 1.11021 11408
10 47 61.5452 0.131661 4.62108 0.903891 14192
10 48 62.0093 0.199903 5.48904 1.44819 6881
10 49 0 0 0 0 0
10 50 62.0427 0.166916 6.44918 2.90636 8377
10 51 60.0892 0.122218 4.83231 0.90077 15932
10 52 60.4376 0.161044 5.4061 1.13305 9699
10 53 61.0624 0.137724 4.81749 1.29934 13710
10 54 61.6776 0.180231 5.10124 0.927209 7653
10 55 60.1913 0.142147 4.82923 0.945199 11544
10 56 60.4715 0.153693 5.06737 0.533751 10797
10 57 65.9454 0.148083 5.19179 1.31643 12922
10 58 61.8431 0.184498 5.39 1.23008 7700
10 59 60.9009 0.158324 4.93011 1.49534 10418
10 60 60.7127 0.152503 4.82198 0.983279 11011
10 61 59.4333 0.112413 4.53182 0.868276 18361
10 62 60.4105 0.142327 4.84655 0.9184 12364
10 63 65.0856 0.175952 5.53251 0.930735 9520
11 0 58.0424 0.0993197 4.56518 1.01781 21871
11 1 57.9995 0.119008 4.52422 1.09147 16018
11 2 58.7678 0.146366 4.73538 0.948387 10553
11 3 58.5301 0.185806 5.53086 1.18051 7077
11 4 58.8198 0.20492 5.03595 0.962381 5677
11 5 58.5425 0.182946 5.07903 0.961367 6800
11 6 54.3832 0.14736 4.33864 1.04785 9293
11 7 57.1401 0.174555 4.89475 0.807846 7399
11 8 58.6334 0.17543 5.14876 0.893027 7501
11 9 57.337 0.156315 4.53865 1.04657 9403
11 10 56.5628 0.141901 4.50544 0.891972 10828
11 11 58.7202 0.187479 4.70283 1.28256 6376
11 12 58.2055 0.18584 5.31182 0.858969 7018
11 13 58.5902 0.193206 5.0894 0.90262 6370
11 14 58.9193 0.124063 4.7237 1.11137 14476
11 15 59.2061 0.200313 5.442 1.22247 6040
11 16 56.5868 0.140674 4.53436 0.888291 10846
11 17 59.5892 0.159737 4.95117 1.14013 9081
11 18 59.5568 0.207551 5.05725 0.936073 6062
11 19 58.2277 0.188434 5.10003 1.08693 6241
11 20 58.6315 0.196013 4.95871 0.768166 6143
11 21 57.5303 0.149826 4.79069 0.990579 10083
11 22 58.206 0.17617 4.74055 1.31544 7490
11 23 59.6107 0.195264 4.84544 1.20329 6466
11 24 59.1643 0.147485 4.76888 1.12199 10682
11 25 56.2239 0.179607 4.61632 1.43672 6795
11 26 59.3566 0.143093 4.98695 0.879253 11443
11 27 58.7092 0.191217 5.11127 0.945712 6044
11 28 56.9631 0.189406 4.54699 1.47416 6702
11 29 59.652 0.156625 4.63176 0.984241 9532
11 30 58.607 0.194296 5.01196 1.17094 6476
11 31 55.8986 0.16767 4.61708 1.21272 7311
11 32 56.9669 0.17238 4.43731 1.06536 7298
11 33 58.3239 0.184783 4.89338 1.11627 6608
11 34 58.296 0.131713 4.47433 1.08961 12405
11 35 57.1596 0.155136 5.03952 1.46875 8720
11 36 57.6795 0.180845 4.46885 1.25721 6742
11 37 0 0 0 0 0
11 38 54.8926 0.119295 4.37758 0.991061 13531
11 39 64.7199 0.15699 5.45194 1.3194 9975
11 40 59.2028 0.195566 4.71093 1.57942 6251
11 41 56.9393 0.149235 4.50289 1.156 9121
11 42 59.9752 0.214149 4.79633 1.16897 5338
11 43 59.4363 0.160912 5.02605 1.14422 9349
11 44 56.8132 0.12658 4.56976 0.982918 13512
11 45 57.5293 0.159412 4.65766 1.19339 7822
11 46 59.1124 0.137859 4.62818 0.92825 12610
11 47 57.0396 0.110884 4.56114 1.12288 17214
11 48 59.4755 0.196134 5.7085 1.07294 6340
11 49 59.2073 0.206534 4.97254 0.89429 5842
11 50 58.6198 0.149445 4.66668 1.15526 10195
11 51 56.2122 0.137795 4.46732 0.829429 11524
11 52 59.0353 0.168839 4.71269 1.24823 8158
11 53 56.9048 0.11017 4.7991 0.932484 17318
11 54 59.0158 0.169321 4.89903 0.979709 8072
11 55 58.4529 0.153507 4.32191 0.735184 9913
11 56 58.1656 0.171384 4.66275 1.06586 7885
11 57 57.3947 0.167588 4.87077 1.06662 8221
11 58 59.7464 0.184615 4.83633 0.879534 6881
11 59 58.3754 0.151601 4.49745 1.00109 10020
11 60 56.9945 0.129905 4.64939 1.04919 13287
11 61 55.6453 0.120897 4.34587 1.19791 14925
11 62 56.6248 0.132037 4.5125 1.09005 12254
11 63 57.987 0.184984 4.64469 0.954613 6808
12 0 59.9587 0.107857 4.61146 0.859906 19381
12 1 59.8008 0.12375 4.94874 1.12836 16647
12 2 60.6746 0.130104 5.05458 0.848928 14532
12 3 67.4384 0.187793 5.65245 1.1423 8310
12 4 60.6955 0.185261 5.11156 0.837265 7220
12 5 60.3934 0.177722 5.44487 0.886519 7791
12 6 59.3838 0.146553 4.49208 0.762719 12033
12 7 61.695 0.163992 4.81369 0.972719 9908
12 8 60.1928 0.164078 5.39762 1.30018 9184
12 9 61.3557 0.145119 4.88132 1.27309 11864
12 10 65.9326 0.136695 5.21691 1.22738 14530
12 11 64.7786 131.283 12.1365 16.8604 8142
12 12 60.8267 0.1913 5.39063 0.926836 7868
12 13 61.5455 0.166935 5.21569 1.20279 8738
12 14 59.0092 0.141366 4.76532 1.44922 11828
12 15 61.7123 0.1897 5.1087 0.984464 7383
12 16 60.9228 0.132222 5.00746 1.28126 14947
12 17 59.0355 0.168536 5.51279 0.76711 9010
12 18 59.4894 0.181348 5.01413 1.06902 7358
12 19 65.4099 0.170308 5.2454 0.82796 9439
12 20 66.0883 0.212203 6.02031 1.70073 6827
12 21 60.5373 0.152038 4.98586 1.09465 11793
12 22 61.1795 0.152055 4.8967 1.19033 9281
12 23 58.6132 0.17295 4.92326 1.42407 7502
12 24 64.7814 0.154835 5.511 1.28813 11105
12 25 60.7316 0.173147 5.08203 1.19491 8508
12 26 66.0914 0.159978 5.49232 1.01121 10173
12 27 61.4698 0.192528 5.34525 0.841789 6937
12 28 61.28 0.172396 5.02657 1.246 8124
12 29 57.8971 0.175729 4.83193 0.87018 7952
12 30 61.1073 0.20047 5.28965 0.812807 6595
12 31 61.2428 0.192463 5.11393 0.814416 7605
12 32 66.563 0.203745 6.08068 1.03298 7203
12 33 60.1604 0.198848 4.89151 1.27915 6298
12 34 58.0005 0.165486 4.49881 1.24521 9064
12 35 61.7044 0.178339 4.8694 0.923744 8513
12 36 60.4787 0.206065 5.34863 0.939925 5956
12 37 0 0 0 0 0
12 38 59.0491 0.153191 5.12355 0.795689 10379
12 39 61.7586 0.19369 5.12337 1.29259 7665
12 40 0 0 0 0 0
12 41 60.6939 0.178193 4.8735 1.09388 7705
12 42 60.4174 0.194122 5.23891 0.944 6176
12 43 58.0983 0.182631 5.56448 1.09796 7445
12 44 62.2887 0.160746 4.72655 0.887319 9995
12 45 59.6263 0.181082 4.76032 1.51209 6637
12 46 58.3255 0.164637 5.11664 1.10033 8156
12 47 65.3516 0.163134 5.68751 1.09343 10074
12 48 61.4005 0.21276 4.868 0.731959 6181
12 49 59.8102 0.186176 4.69307 0.770837 7256
12 50 61.5924 0.176155 5.30056 0.909458 7926
12 51 58.5617 0.160389 4.68606 1.19617 9057
12 52 59.984 0.179863 4.65256 0.982094 8315
12 53 65.9362 0.171119 5.14706 0.931956 9512
12 54 62.0461 0.176117 5.17639 0.810547 7751
12 55 58.5535 0.147671 4.35572 1.09355 10349
12 56 60.6651 0.177263 5.20127 1.13041 7649
12 57 59.7383 0.167905 5.01251 1.06098 8376
12 58 60.9505 0.175949 5.17326 1.13438 7700
12 59 59.4747 0.158309 4.52282 1.05751 9348
12 60 61.5016 0.173893 4.79707 0.99017 8021
12 61 0 0 0 0 0
12 62 57.846 0.136149 4.62176 1.19562 11855
12 63 59.8576 0.166348 5.17642 1.02025 8707
13 0 56.1244 0.138319 4.49846 0.756255 10656
13 1 57.6108 0.152511 4.46974 1.61654 9198
13 2 56.5523 0.173865 4.65238 0.82092 7490
13 3 55.0978 0.160272 4.2187 0.740748 7265
13 4 57.8095 0.20937 4.75138 1.01134 5835
13 5 55.768 0.166485 4.69071 0.904688 7286
13 6 56.667 0.168936 4.5834 1.1988 7388
13 7 53.7858 0.153738 4.44989 0.960091 8477
13 8 56.4334 0.173102 4.70243 1.28385 7402
13 9 56.3563 0.164947 4.55333 1.21708 7873
13 10 55.913 0.153851 4.59431 1.10833 8608
13 11 55.487 0.189522 4.65715 1.17546 6012
13 12 56.0155 0.168477 4.69074 0.969909 7600
13 13 55.3391 0.176695 4.92161 1.22253 6859
13 14 55.6593 0.130658 4.51828 1.02577 12092
13 15 56.9216 0.183152 4.39595 0.944734 6585
13 16 54.6081 0.150232 4.41868 1.04801 8833
13 17 57.0584 0.165033 4.88165 1.01261 7796
13 18 55.6845 0.184812 4.87978 0.894002 6248
13 19 53.6318 0.16347 4.40433 1.19329 7113
13 20 57.337 0.213861 4.73824 1.13392 5197
13 21 56.2476 0.150978 4.45247 0.86209 8202
13 22 55.2712 0.151244 4.29031 0.73608 8532
13 23 57.1901 0.195236 4.38409 1.2787 5593
13 24 57.2935 0.150352 4.6753 0.885991 9783
13 25 56.2864 0.162445 4.38106 1.10902 7329
13 26 57.086 0.147984 4.88629 1.34635 9612
13 27 55.8794 0.1742 4.42946 0.926276 6587
13 28 55.1229 0.169436 4.59333 1.34363 7508
13 29 57.5816 0.168556 4.9838 1.1434 7564
13 30 55.8648 0.1954 4.5866 0.753785 5668
13 31 64.1558 0.168089 5.11238 1.01423 9120
13 32 55.6658 0.150296 4.79285 0.901721 8870
13 33 56.2331 0.168196 4.68874 1.0561 7135
13 34 56.8679 0.152289 4.56701 1.18732 9114
13 35 53.8523 0.139106 4.17874 1.6162 9733
13 36 55.7421 0.182621 4.94702 1.19551 6331
13 37 0 0 0 0 0
13 38 73.7376 2.51423 18.0353 46.4049 8553
13 39 55.0425 0.136731 4.60878 0.919067 11014
13 40 57.1626 0.198685 6.39602 1.74223 5816
13 41 55.8495 0.140226 4.48012 1.17379 9772
13 42 56.3857 0.184217 4.63755 1.00158 6105
13 43 56.5404 0.154913 4.764 1.25658 8395
13 44 56.3809 0.149243 4.70148 1.25749 8638
13 45 56.249 0.164975 6.21572 2.43011 7880
13 46 56.1917 0.136454 4.44959 1.23066 10795
13 47 55.4434 0.131792 4.5068 1.13353 11864
13 48 55.192 0.174386 4.8446 0.766645 6929
13 49 56.817 0.181486 4.64977 0.765915 6659
13 50 55.604 0.156655 4.71591 0.993652 8033
13 51 55.8831 0.110748 4.51286 0.964131 17074
13 52 57.3477 0.155987 4.5175 0.978138 9046
13 53 55.2517 0.135862 4.5283 1.0629 11779
13 54 56.8046 0.168797 4.62564 0.937981 7475
13 55 56.9674 0.138366 4.89097 1.04698 10478
13 56 55.8799 0.141684 4.58382 1.09542 10605
13 57 54.9273 0.141132 4.61551 1.23378 11115
13 58 57.2028 0.178894 4.70284 1.2732 6984
13 59 55.8661 0.126852 4.60007 0.948623 11854
13 60 54.6895 0.142382 4.07084 1.0929 10474
13 61 56.0721 0.0951155 4.37359 1.23482 22416
13 62 55.5427 0.126112 4.53411 1.23762 13212
13 63 57.3743 0.17245 4.80349 1.41833 7634
14 0 58.3273 0.13911 4.77326 1.11073 12721
14 1 59.4872 0.142123 4.86076 1.50353 12031
14 2 60.2662 0.1411 5.02194 0.975419 11431
14 3 61.6334 0.179543 4.97076 0.959198 7476
14 4 60.4519 0.204062 5.04313 1.15609 6247
14 5 60.6968 0.196441 4.84388 0.983425 6797
14 6 60.8769 0.15957 5.00432 1.06893 10234
14 7 61.5579 0.165309 4.99153 1.0295 9469
14 8 60.6734 0.184602 4.85962 0.794586 7275
14 9 61.2002 0.144403 4.91176 1.66621 10982
14 10 61.5101 0.133094 4.78548 0.895758 12875
14 11 59.0574 0.184013 4.79508 1.08551 6724
14 12 61.3113 0.187643 5.47564 0.877772 7075
14 13 60.8181 0.159337 5.04185 1.08021 8427
14 14 58.6154 0.168389 4.61768 1.0357 8226
14 15 60.5855 0.19155 4.84484 1.0586 6751
14 16 65.0566 0.13991 5.16634 1.25879 13453
14 17 58.7427 0.193722 4.97329 1.15742 6576
14 18 60.8708 0.204826 5.82557 1.32896 6353
14 19 57.2837 0.156067 4.43897 1.0845 8907
14 20 60.4134 0.211978 4.71742 1.40879 5457
14 21 60.0191 0.139599 4.65003 1.27919 11066
14 22 61.2555 0.175365 5.33974 0.898365 8872
14 23 59.352 0.198975 5.38454 1.20681 5860
14 24 59.011 0.169984 5.00933 1.14436 7813
14 25 61.1478 0.177352 4.93772 0.880862 7814
14 26 58.5714 0.17859 4.29692 0.973039 7796
14 27 62.21 0.208979 5.21655 0.94011 6042
14 28 62.0316 0.189249 5.20412 1.1275 7202
14 29 59.1161 0.193859 5.00488 1.016 6035
14 30 61.0226 0.21609 4.61906 1.20231 5542
14 31 62.0325 0.202114 4.88527 1.27795 7064
14 32 61.7457 0.190657 4.48222 1.3072 6673
14 33 61.9732 0.214081 5.38065 1.05331 5692
14 34 59.1537 0.191936 4.67487 0.969154 6747
14 35 60.0838 0.166577 4.77355 1.31801 9261
14 36 60.9122 0.230143 4.8821 0.955929 5079
14 37 0 0 0 0 0
14 38 76.0154 0.05208 0.460298 18.9023 7906
14 39 65.4927 0.244921 5.33147 0.94582 4321
14 40 60.215 0.225527 5.58196 1.16797 4947
14 41 65.9928 0.178428 5.44688 1.02073 8476
14 42 59.6493 0.200534 4.95478 1.26259 6198
14 43 58.0907 0.191435 4.43585 1.62058 6535
14 44 61.2388 0.183351 4.87038 1.24107 7326
14 45 60.5768 0.183299 5.23304 1.26147 6649
14 46 58.7871 0.180071 4.93391 1.13252 6805
14 47 59.1987 0.197876 4.76074 1.25954 5730
14 48 60.4385 0.183591 4.84498 1.11299 6340
14 49 59.5781 0.177898 4.90415 0.847563 7090
14 50 60.745 0.208489 5.08883 0.965081 5804
14 51 58.6906 0.211751 6.53792 2.47656 5385
14 52 58.5115 0.170656 4.77575 1.03981 8084
14 53 60.0944 0.206449 4.92673 1.04737 5517
14 54 60.4007 0.21761 4.83328 1.23031 5375
14 55 59.0067 0.189828 5.35715 0.799153 6797
14 56 58.4294 0.249579 4.78363 1.0717 4080
14 57 57.3886 0.216226 4.90126 0.8857 4643
14 58 59.5243 0.203858 4.78869 0.924821 5418
14 59 57.5794 0.159021 4.46077 0.834795 9413
14 60 58.9571 0.234537 4.22848 0.771323 4491
14 61 58.0208 0.200115 4.55729 0.889233 6051
14 62 58.234 0.167136 4.17823 1.25479 8289
14 63 59.179 0.188935 4.78306 0.847306 6153
15 0 64.2026 0.0702636 0.400505 9.24431 6793
15 1 56.5581 0.20007 4.84134 1.50593 5507
15 2 56.0108 0.222793 4.57436 1.18755 4351
15 3 0 0 0 0 0
15 4 56.1664 0.19421 4.76038 1.05247 6080
15 5 55.6606 0.201654 4.54877 0.845242 5368
15 6 55.6362 0.243184 4.59242 1.32818 4173
15 7 54.3883 0.163161 4.22235 0.654458 7575
15 8 55.4059 0.195807 4.45906 0.8428 5513
15 9 0 0 0 0 0
15 10 0 0 0 0 0
15 11 55.1493 0.186295 4.56597 1.38977 6419
15 12 56.329 0.184464 4.85463 1.20813 5877
15 13 54.7447 0.161705 3.96264 1.13904 8603
15 14 54.5172 0.143388 4.24147 1.26889 9762
15 15 56.0975 0.170329 4.8491 0.855158 7159
15 16 63.7626 0.23509 5.55683 0.777361 5312
15 17 55.4247 0.154946 4.38264 0.878492 8370
15 18 56.4661 0.176814 4.8824 1.01754 6693
15 19 55.6378 0.158785 4.6685 0.944281 8355
15 20 56.41 0.205421 5.00754 0.819299 5038
15 21 56.6868 0.238842 4.44896 1.17234 4484
15 22 55.7676 0.157912 4.57412 0.885069 7249
15 23 56.8934 0.194727 4.96134 1.10521 5549
15 24 56.3516 0.162823 4.27755 0.712303 7725
15 25 55.2741 0.189845 4.76722 1.00096 6464
15 26 57.0587 0.1376 4.68639 1.04046 10837
15 27 57.6861 0.199484 4.75026 1.17398 5944
15 28 56.939 0.187348 4.67223 1.22961 6244
15 29 64.1097 0.202001 5.53921 1.09524 6462
15 30 57.6211 0.207541 4.91514 0.849896 5470
15 31 58.6287 0.195607 4.96041 0.785567 6367
15 32 55.6517 0.181086 5.27914 0.82718 6376
15 33 57.5631 0.194688 4.91855 1.18 5772
15 34 57.8783 0.169293 4.79057 1.14815 7692
15 35 56.2816 0.166304 4.35989 1.09135 7359
15 36 56.9539 0.19414 4.52529 1.01744 5774
15 37 0 0 0 0 0
15 38 54.5818 0.165311 4.54037 1.25417 7865
15 39 56.885 0.133547 4.48135 1.48807 11473
15 40 57.748 0.207432 5.30845 1.26195 5311
15 41 55.4742 0.181377 4.87466 1.35411 7271
15 42 57.7857 0.185275 4.84743 0.900519 6398
15 43 57.4459 0.178425 4.5932 0.908866 6561
15 44 55.692 0.160947 4.62732 1.44127 8052
15 45 56.4618 0.180885 4.52672 1.222 6405
15 46 56.9156 0.178898 4.59065 1.21123 7196
15 47 56.4121 0.133877 4.99245 1.27086 12043
15 48 57.7931 0.177381 5.07991 1.13611 6804
15 49 57.6023 0.195599 4.65759 0.752306 6308
15 50 57.3339 0.17359 4.99365 1.62579 7384
15 51 57.2975 0.132423 4.54097 1.01481 12036
15 52 58.7763 0.168184 4.75304 1.36661 7411
15 53 55.6296 0.131783 4.5984 1.3052 12442
15 54 58.3811 0.187919 5.12969 1.14346 7184
15 55 58.1524 0.168715 5.23149 1.01264 7841
15 56 56.9838 0.13931 4.59209 0.961625 10751
15 57 56.3578 0.133501 4.5913 0.982414 11414
15 58 58.8164 0.179535 5.11553 1.16026 6968
15 59 58.1657 0.162298 4.97867 1.13403 8206
15 60 57.1568 0.136908 4.99613 1.13991 11499
15 61 56.031 0.126446 4.45065 1.23169 13226
15 62 57.4073 0.154572 4.61385 1.41574 8820
15 63 57.8698 0.171651 4.75422 0.864307 7238
