#pedestal results (injection fits): calib_02272020_pa1.2fb_trig230_chn0.8.16.24_calib_small_Ascii
#chip channel ped0 eped0 accept0 ped1 eped1 accept1 ... pedn epedn acceptn (All sca)
0 0 136.693 4.58679 0 132.557 4.31229 0 152.546 3.15365 1 0 1.35188 1 0 1.35188 1 0 1.35188 1 0 1.35188 1 0 1.35188 1 0 1.35188 1 0 1.35188 1 0 1.35188 1 0 1.35188 1 0 1.35188 1 0 1.35188 1 0 1.35188 1 
0 8 156.543 3.79939 1 154.349 3.09734 0 144.588 4.11614 1 0 1.35188 1 0 1.35188 1 0 1.35188 1 0 1.35188 1 0 1.35188 1 0 1.35188 1 0 1.35188 1 0 1.35188 1 0 1.35188 1 0 1.35188 1 0 1.35188 1 0 1.35188 1 
0 16 138.322 6.24447 1 128.96 5.36733 0 146.865 3.82422 1 0 1.35188 1 0 1.35188 1 0 1.35188 1 0 1.35188 1 0 1.35188 1 0 1.35188 1 0 1.35188 1 0 1.35188 1 0 1.35188 1 0 1.35188 1 0 1.35188 1 0 1.35188 1 
0 24 139.305 14.2843 1 135.809 2.84905 0 150.971 2.53293 1 0 1.35188 1 0 1.35188 1 0 1.35188 1 0 1.35188 1 0 1.35188 1 0 1.35188 1 0 1.35188 1 0 1.35188 1 0 1.35188 1 0 1.35188 1 0 1.35188 1 0 1.35188 1 
1 0 156.008 16.3906 0 231.081 11.4267 1 138.02 21.0763 1 0 1.35188 1 0 1.35188 1 0 1.35188 1 0 1.35188 1 0 1.35188 1 0 1.35188 1 0 1.35188 1 0 1.35188 1 0 1.35188 1 0 1.35188 1 0 1.35188 1 0 1.35188 1 
1 8 135.741 4.19977 0 137.356 5.20383 1 137.051 4.47976 1 0 1.35188 1 0 1.35188 1 0 1.35188 1 0 1.35188 1 0 1.35188 1 0 1.35188 1 0 1.35188 1 0 1.35188 1 0 1.35188 1 0 1.35188 1 0 1.35188 1 0 1.35188 1 
1 16 126.29 8.94177 1 111.597 6.33121 0 107.752 4.44402 0 0 1.35188 1 0 1.35188 1 0 1.35188 1 0 1.35188 1 0 1.35188 1 0 1.35188 1 0 1.35188 1 0 1.35188 1 0 1.35188 1 0 1.35188 1 0 1.35188 1 0 1.35188 1 
1 24 -34.4435 6.61073 0 -81.8345 36.7566 0 161.039 13.4833 1 0 1.35188 1 0 1.35188 1 0 1.35188 1 0 1.35188 1 0 1.35188 1 0 1.35188 1 0 1.35188 1 0 1.35188 1 0 1.35188 1 0 1.35188 1 0 1.35188 1 0 1.35188 1 
2 0 212.785 4.03135 0 201.22 4.62067 0 41.0639 9.78579 0 0 1.35188 1 0 1.35188 1 0 1.35188 1 0 1.35188 1 0 1.35188 1 0 1.35188 1 0 1.35188 1 0 1.35188 1 0 1.35188 1 0 1.35188 1 0 1.35188 1 0 1.35188 1 
2 8 208.969 9.7409 0 187.096 10.1296 0 173.875 7.7864 0 0 1.35188 1 0 1.35188 1 0 1.35188 1 0 1.35188 1 0 1.35188 1 0 1.35188 1 0 1.35188 1 0 1.35188 1 0 1.35188 1 0 1.35188 1 0 1.35188 1 0 1.35188 1 
2 16 247.467 53.168 0 253.594 68.9824 0 274.363 57.1113 0 0 1.35188 1 0 1.35188 1 0 1.35188 1 0 1.35188 1 0 1.35188 1 0 1.35188 1 0 1.35188 1 0 1.35188 1 0 1.35188 1 0 1.35188 1 0 1.35188 1 0 1.35188 1 
2 24 213.218 4.67846 0 148.897 10.9239 0 193.921 8.23152 0 0 1.35188 1 0 1.35188 1 0 1.35188 1 0 1.35188 1 0 1.35188 1 0 1.35188 1 0 1.35188 1 0 1.35188 1 0 1.35188 1 0 1.35188 1 0 1.35188 1 0 1.35188 1 
3 0 226.43 12.1799 0 237.375 7.09783 0 117.479 12.5522 0 0 1.35188 1 0 1.35188 1 0 1.35188 1 0 1.35188 1 0 1.35188 1 0 1.35188 1 0 1.35188 1 0 1.35188 1 0 1.35188 1 0 1.35188 1 0 1.35188 1 0 1.35188 1 
3 8 239.389 10.0903 1 234.369 8.59448 0 163.89 8.41249 0 0 1.35188 1 0 1.35188 1 0 1.35188 1 0 1.35188 1 0 1.35188 1 0 1.35188 1 0 1.35188 1 0 1.35188 1 0 1.35188 1 0 1.35188 1 0 1.35188 1 0 1.35188 1 
3 16 118.582 139.889 0 227.98 96.2089 0 224.661 100.069 0 0 1.35188 1 0 1.35188 1 0 1.35188 1 0 1.35188 1 0 1.35188 1 0 1.35188 1 0 1.35188 1 0 1.35188 1 0 1.35188 1 0 1.35188 1 0 1.35188 1 0 1.35188 1 
3 24 227.795 12.5295 0 224.54 4.52737 0 127.385 13.1675 0 0 1.35188 1 0 1.35188 1 0 1.35188 1 0 1.35188 1 0 1.35188 1 0 1.35188 1 0 1.35188 1 0 1.35188 1 0 1.35188 1 0 1.35188 1 0 1.35188 1 0 1.35188 1 
4 0 189.424 5.92759 0 154.821 3.11946 0 145.146 18.7375 1 0 1.35188 1 0 1.35188 1 0 1.35188 1 0 1.35188 1 0 1.35188 1 0 1.35188 1 0 1.35188 1 0 1.35188 1 0 1.35188 1 0 1.35188 1 0 1.35188 1 0 1.35188 1 
4 8 189.55 10.5753 0 161.731 9.59844 0 142.607 21.7379 1 0 1.35188 1 0 1.35188 1 0 1.35188 1 0 1.35188 1 0 1.35188 1 0 1.35188 1 0 1.35188 1 0 1.35188 1 0 1.35188 1 0 1.35188 1 0 1.35188 1 0 1.35188 1 
4 16 157.99 6.9878 0 130.678 4.36033 0 138.589 4.08051 1 0 1.35188 1 0 1.35188 1 0 1.35188 1 0 1.35188 1 0 1.35188 1 0 1.35188 1 0 1.35188 1 0 1.35188 1 0 1.35188 1 0 1.35188 1 0 1.35188 1 0 1.35188 1 
4 24 185.141 10.9344 0 137.642 5.70438 0 163.271 20.2524 1 0 1.35188 1 0 1.35188 1 0 1.35188 1 0 1.35188 1 0 1.35188 1 0 1.35188 1 0 1.35188 1 0 1.35188 1 0 1.35188 1 0 1.35188 1 0 1.35188 1 0 1.35188 1 
5 0 -11.7564 31.067 0 67.8403 34.9413 1 80.4692 48.7325 1 0 1.35188 1 0 1.35188 1 0 1.35188 1 0 1.35188 1 0 1.35188 1 0 1.35188 1 0 1.35188 1 0 1.35188 1 0 1.35188 1 0 1.35188 1 0 1.35188 1 0 1.35188 1 
5 8 -1.17656 31.2894 0 27.8825 47.9883 1 98.6061 49.4036 1 0 1.35188 1 0 1.35188 1 0 1.35188 1 0 1.35188 1 0 1.35188 1 0 1.35188 1 0 1.35188 1 0 1.35188 1 0 1.35188 1 0 1.35188 1 0 1.35188 1 0 1.35188 1 
5 16 77.2004 9.80278 0 -21.0813 49.2513 1 67.8786 58.1705 1 0 1.35188 1 0 1.35188 1 0 1.35188 1 0 1.35188 1 0 1.35188 1 0 1.35188 1 0 1.35188 1 0 1.35188 1 0 1.35188 1 0 1.35188 1 0 1.35188 1 0 1.35188 1 
5 24 -18.9592 31.3207 0 56.1269 38.5688 1 75.2771 52.3497 1 0 1.35188 1 0 1.35188 1 0 1.35188 1 0 1.35188 1 0 1.35188 1 0 1.35188 1 0 1.35188 1 0 1.35188 1 0 1.35188 1 0 1.35188 1 0 1.35188 1 0 1.35188 1 
6 0 171.043 7.49675 0 134.754 12.7483 1 163.668 18.3773 1 0 1.35188 1 0 1.35188 1 0 1.35188 1 0 1.35188 1 0 1.35188 1 0 1.35188 1 0 1.35188 1 0 1.35188 1 0 1.35188 1 0 1.35188 1 0 1.35188 1 0 1.35188 1 
6 8 108.056 19.1392 0 92.3722 23.3364 1 165.693 15.6191 1 0 1.35188 1 0 1.35188 1 0 1.35188 1 0 1.35188 1 0 1.35188 1 0 1.35188 1 0 1.35188 1 0 1.35188 1 0 1.35188 1 0 1.35188 1 0 1.35188 1 0 1.35188 1 
6 16 109.084 18.6741 0 135.071 16.3859 1 154.498 25.5152 1 0 1.35188 1 0 1.35188 1 0 1.35188 1 0 1.35188 1 0 1.35188 1 0 1.35188 1 0 1.35188 1 0 1.35188 1 0 1.35188 1 0 1.35188 1 0 1.35188 1 0 1.35188 1 
6 24 63.3072 21.9727 0 117.91 15.5782 1 149.022 17.8858 1 0 1.35188 1 0 1.35188 1 0 1.35188 1 0 1.35188 1 0 1.35188 1 0 1.35188 1 0 1.35188 1 0 1.35188 1 0 1.35188 1 0 1.35188 1 0 1.35188 1 0 1.35188 1 
7 0 45.5279 22.6022 0 109.365 38.9654 1 151.958 28.894 1 0 1.35188 1 0 1.35188 1 0 1.35188 1 0 1.35188 1 0 1.35188 1 0 1.35188 1 0 1.35188 1 0 1.35188 1 0 1.35188 1 0 1.35188 1 0 1.35188 1 0 1.35188 1 
7 8 2.92734 21.6873 0 78.8295 46.0143 1 148.079 37.6867 1 0 1.35188 1 0 1.35188 1 0 1.35188 1 0 1.35188 1 0 1.35188 1 0 1.35188 1 0 1.35188 1 0 1.35188 1 0 1.35188 1 0 1.35188 1 0 1.35188 1 0 1.35188 1 
7 16 -77.2392 25.3403 0 118.327 39.5232 1 162.198 22.5435 1 0 1.35188 1 0 1.35188 1 0 1.35188 1 0 1.35188 1 0 1.35188 1 0 1.35188 1 0 1.35188 1 0 1.35188 1 0 1.35188 1 0 1.35188 1 0 1.35188 1 0 1.35188 1 
7 24 -17.4721 27.9627 0 147.812 38.0996 1 175.317 25.2945 1 0 1.35188 1 0 1.35188 1 0 1.35188 1 0 1.35188 1 0 1.35188 1 0 1.35188 1 0 1.35188 1 0 1.35188 1 0 1.35188 1 0 1.35188 1 0 1.35188 1 0 1.35188 1 
8 0 142.799 3.96394 0 114.306 9.48676 1 139.022 3.61895 1 0 1.35188 1 0 1.35188 1 0 1.35188 1 0 1.35188 1 0 1.35188 1 0 1.35188 1 0 1.35188 1 0 1.35188 1 0 1.35188 1 0 1.35188 1 0 1.35188 1 0 1.35188 1 
8 8 137.931 2.31188 0 139.994 2.35689 0 134.594 3.29374 1 0 1.35188 1 0 1.35188 1 0 1.35188 1 0 1.35188 1 0 1.35188 1 0 1.35188 1 0 1.35188 1 0 1.35188 1 0 1.35188 1 0 1.35188 1 0 1.35188 1 0 1.35188 1 
8 16 36.4466 31.3364 1 14.3639 26.8453 0 138.795 3.40027 1 0 1.35188 1 0 1.35188 1 0 1.35188 1 0 1.35188 1 0 1.35188 1 0 1.35188 1 0 1.35188 1 0 1.35188 1 0 1.35188 1 0 1.35188 1 0 1.35188 1 0 1.35188 1 
8 24 144.881 2.63673 1 150.655 2.26378 1 138.513 3.42858 1 0 1.35188 1 0 1.35188 1 0 1.35188 1 0 1.35188 1 0 1.35188 1 0 1.35188 1 0 1.35188 1 0 1.35188 1 0 1.35188 1 0 1.35188 1 0 1.35188 1 0 1.35188 1 
9 0 150.202 4.36791 1 154.267 5.10487 1 139.773 4.27033 1 0 1.35188 1 0 1.35188 1 0 1.35188 1 0 1.35188 1 0 1.35188 1 0 1.35188 1 0 1.35188 1 0 1.35188 1 0 1.35188 1 0 1.35188 1 0 1.35188 1 0 1.35188 1 
9 8 142.538 4.33146 0 150.463 2.30898 1 143.875 4.46261 1 0 1.35188 1 0 1.35188 1 0 1.35188 1 0 1.35188 1 0 1.35188 1 0 1.35188 1 0 1.35188 1 0 1.35188 1 0 1.35188 1 0 1.35188 1 0 1.35188 1 0 1.35188 1 
9 16 118.551 4.79076 0 134.714 2.41091 0 121.932 4.24471 1 0 1.35188 1 0 1.35188 1 0 1.35188 1 0 1.35188 1 0 1.35188 1 0 1.35188 1 0 1.35188 1 0 1.35188 1 0 1.35188 1 0 1.35188 1 0 1.35188 1 0 1.35188 1 
9 24 124.52 2.38322 1 133.769 2.85778 1 116.978 4.59654 1 0 1.35188 1 0 1.35188 1 0 1.35188 1 0 1.35188 1 0 1.35188 1 0 1.35188 1 0 1.35188 1 0 1.35188 1 0 1.35188 1 0 1.35188 1 0 1.35188 1 0 1.35188 1 
10 0 155.066 4.08965 0 147.125 3.45411 0 164.666 4.10052 1 0 1.35188 1 0 1.35188 1 0 1.35188 1 0 1.35188 1 0 1.35188 1 0 1.35188 1 0 1.35188 1 0 1.35188 1 0 1.35188 1 0 1.35188 1 0 1.35188 1 0 1.35188 1 
10 8 141.834 4.01442 1 139.903 3.99979 0 130.606 4.1716 1 0 1.35188 1 0 1.35188 1 0 1.35188 1 0 1.35188 1 0 1.35188 1 0 1.35188 1 0 1.35188 1 0 1.35188 1 0 1.35188 1 0 1.35188 1 0 1.35188 1 0 1.35188 1 
10 16 147.711 2.92662 1 -51.882 25.2652 0 129.906 4.46205 0 0 1.35188 1 0 1.35188 1 0 1.35188 1 0 1.35188 1 0 1.35188 1 0 1.35188 1 0 1.35188 1 0 1.35188 1 0 1.35188 1 0 1.35188 1 0 1.35188 1 0 1.35188 1 
10 24 137.871 3.62424 1 121.926 3.80417 0 133.207 4.24583 1 0 1.35188 1 0 1.35188 1 0 1.35188 1 0 1.35188 1 0 1.35188 1 0 1.35188 1 0 1.35188 1 0 1.35188 1 0 1.35188 1 0 1.35188 1 0 1.35188 1 0 1.35188 1 
11 0 155.178 3.03628 0 103.785 9.99273 1 156.42 12.1406 1 0 1.35188 1 0 1.35188 1 0 1.35188 1 0 1.35188 1 0 1.35188 1 0 1.35188 1 0 1.35188 1 0 1.35188 1 0 1.35188 1 0 1.35188 1 0 1.35188 1 0 1.35188 1 
11 8 141.266 8.8021 0 164.151 7.6863 0 132.563 22.0419 1 0 1.35188 1 0 1.35188 1 0 1.35188 1 0 1.35188 1 0 1.35188 1 0 1.35188 1 0 1.35188 1 0 1.35188 1 0 1.35188 1 0 1.35188 1 0 1.35188 1 0 1.35188 1 
11 16 107.601 5.61475 0 110.422 4.07155 0 114.363 3.92482 1 0 1.35188 1 0 1.35188 1 0 1.35188 1 0 1.35188 1 0 1.35188 1 0 1.35188 1 0 1.35188 1 0 1.35188 1 0 1.35188 1 0 1.35188 1 0 1.35188 1 0 1.35188 1 
11 24 175.054 9.71238 0 135.19 11.0332 0 152.069 19.5473 1 0 1.35188 1 0 1.35188 1 0 1.35188 1 0 1.35188 1 0 1.35188 1 0 1.35188 1 0 1.35188 1 0 1.35188 1 0 1.35188 1 0 1.35188 1 0 1.35188 1 0 1.35188 1 
12 0 147.154 2.27228 1 145.755 4.48514 1 147.508 5.29653 1 0 1.35188 1 0 1.35188 1 0 1.35188 1 0 1.35188 1 0 1.35188 1 0 1.35188 1 0 1.35188 1 0 1.35188 1 0 1.35188 1 0 1.35188 1 0 1.35188 1 0 1.35188 1 
12 8 1.804 19.663 0 77.1972 38.0138 1 170.211 24.2173 1 0 1.35188 1 0 1.35188 1 0 1.35188 1 0 1.35188 1 0 1.35188 1 0 1.35188 1 0 1.35188 1 0 1.35188 1 0 1.35188 1 0 1.35188 1 0 1.35188 1 0 1.35188 1 
12 16 20.0402 21.0578 0 41.9975 8.67189 1 185.147 18.8474 1 0 1.35188 1 0 1.35188 1 0 1.35188 1 0 1.35188 1 0 1.35188 1 0 1.35188 1 0 1.35188 1 0 1.35188 1 0 1.35188 1 0 1.35188 1 0 1.35188 1 0 1.35188 1 
12 24 78.5745 10.9986 0 191.076 13.0181 1 181.594 14.2125 1 0 1.35188 1 0 1.35188 1 0 1.35188 1 0 1.35188 1 0 1.35188 1 0 1.35188 1 0 1.35188 1 0 1.35188 1 0 1.35188 1 0 1.35188 1 0 1.35188 1 0 1.35188 1 
13 0 132.654 12.2097 0 137.757 16.8106 1 125.528 22.564 1 0 1.35188 1 0 1.35188 1 0 1.35188 1 0 1.35188 1 0 1.35188 1 0 1.35188 1 0 1.35188 1 0 1.35188 1 0 1.35188 1 0 1.35188 1 0 1.35188 1 0 1.35188 1 
13 8 136.968 15.4186 0 150.059 23.1392 1 155.11 20.6335 1 0 1.35188 1 0 1.35188 1 0 1.35188 1 0 1.35188 1 0 1.35188 1 0 1.35188 1 0 1.35188 1 0 1.35188 1 0 1.35188 1 0 1.35188 1 0 1.35188 1 0 1.35188 1 
13 16 154.902 18.5581 1 152.238 8.45263 1 150.989 8.64686 1 0 1.35188 1 0 1.35188 1 0 1.35188 1 0 1.35188 1 0 1.35188 1 0 1.35188 1 0 1.35188 1 0 1.35188 1 0 1.35188 1 0 1.35188 1 0 1.35188 1 0 1.35188 1 
13 24 138.884 12.4267 0 101.012 22.6922 1 134.68 20.6301 1 0 1.35188 1 0 1.35188 1 0 1.35188 1 0 1.35188 1 0 1.35188 1 0 1.35188 1 0 1.35188 1 0 1.35188 1 0 1.35188 1 0 1.35188 1 0 1.35188 1 0 1.35188 1 
14 0 7.97836 24.9032 0 -13.0526 34.2821 1 47.5801 36.458 1 0 1.35188 1 0 1.35188 1 0 1.35188 1 0 1.35188 1 0 1.35188 1 0 1.35188 1 0 1.35188 1 0 1.35188 1 0 1.35188 1 0 1.35188 1 0 1.35188 1 0 1.35188 1 
14 8 26.8416 27.9069 0 4.9887 32.0265 0 54.8655 42.1669 1 0 1.35188 1 0 1.35188 1 0 1.35188 1 0 1.35188 1 0 1.35188 1 0 1.35188 1 0 1.35188 1 0 1.35188 1 0 1.35188 1 0 1.35188 1 0 1.35188 1 0 1.35188 1 
14 16 2.02835 24.6227 0 -52.5903 35.4957 1 32.7299 44.3269 1 0 1.35188 1 0 1.35188 1 0 1.35188 1 0 1.35188 1 0 1.35188 1 0 1.35188 1 0 1.35188 1 0 1.35188 1 0 1.35188 1 0 1.35188 1 0 1.35188 1 0 1.35188 1 
14 24 91.8891 20.0395 0 74.0237 30.2669 1 92.6014 32.1545 1 0 1.35188 1 0 1.35188 1 0 1.35188 1 0 1.35188 1 0 1.35188 1 0 1.35188 1 0 1.35188 1 0 1.35188 1 0 1.35188 1 0 1.35188 1 0 1.35188 1 0 1.35188 1 
15 0 88.496 18.0198 0 92.4052 23.8239 1 121.93 26.1688 1 0 1.35188 1 0 1.35188 1 0 1.35188 1 0 1.35188 1 0 1.35188 1 0 1.35188 1 0 1.35188 1 0 1.35188 1 0 1.35188 1 0 1.35188 1 0 1.35188 1 0 1.35188 1 
15 8 114.8 12.6905 0 67.6921 40.9345 1 140.762 36.0029 1 0 1.35188 1 0 1.35188 1 0 1.35188 1 0 1.35188 1 0 1.35188 1 0 1.35188 1 0 1.35188 1 0 1.35188 1 0 1.35188 1 0 1.35188 1 0 1.35188 1 0 1.35188 1 
15 16 260.155 150.888 0 164.755 6.20887 1 171.218 6.94721 1 0 1.35188 1 0 1.35188 1 0 1.35188 1 0 1.35188 1 0 1.35188 1 0 1.35188 1 0 1.35188 1 0 1.35188 1 0 1.35188 1 0 1.35188 1 0 1.35188 1 0 1.35188 1 
15 24 92.9784 25.2408 0 42.8779 26.5126 1 76.6865 29.5008 1 0 1.35188 1 0 1.35188 1 0 1.35188 1 0 1.35188 1 0 1.35188 1 0 1.35188 1 0 1.35188 1 0 1.35188 1 0 1.35188 1 0 1.35188 1 0 1.35188 1 0 1.35188 1 
