#pedestal results (injection fits): calib_02272020_pa1.2fb_trig230_chn0.8.16.24_calib_small_Ascii
#chip channel ped0 eped0 accept0 ped1 eped1 accept1 ... pedn epedn acceptn (All sca)
0 0 217.867 4.10548 1 222.441 4.93673 1 205.122 2.78514 1 0 1.35188 1 0 1.35188 1 0 1.35188 1 0 1.35188 1 0 1.35188 1 0 1.35188 1 0 1.35188 1 0 1.35188 1 0 1.35188 1 0 1.35188 1 0 1.35188 1 0 1.35188 1 
0 8 207.891 5.23049 1 224.702 7.0863 1 209.695 2.63693 1 0 1.35188 1 0 1.35188 1 0 1.35188 1 0 1.35188 1 0 1.35188 1 0 1.35188 1 0 1.35188 1 0 1.35188 1 0 1.35188 1 0 1.35188 1 0 1.35188 1 0 1.35188 1 
0 16 212.317 3.11058 1 222.502 6.89727 1 217.785 3.35937 1 0 1.35188 1 0 1.35188 1 0 1.35188 1 0 1.35188 1 0 1.35188 1 0 1.35188 1 0 1.35188 1 0 1.35188 1 0 1.35188 1 0 1.35188 1 0 1.35188 1 0 1.35188 1 
0 24 204.955 5.11627 1 220.781 8.0272 1 221.943 1.79003 1 0 1.35188 1 0 1.35188 1 0 1.35188 1 0 1.35188 1 0 1.35188 1 0 1.35188 1 0 1.35188 1 0 1.35188 1 0 1.35188 1 0 1.35188 1 0 1.35188 1 0 1.35188 1 
1 0 239.982 22.7304 1 243.518 26.8125 1 235.403 22.4163 1 0 1.35188 1 0 1.35188 1 0 1.35188 1 0 1.35188 1 0 1.35188 1 0 1.35188 1 0 1.35188 1 0 1.35188 1 0 1.35188 1 0 1.35188 1 0 1.35188 1 0 1.35188 1 
1 8 208.554 11.4917 1 224.049 13.8844 1 241.122 7.15337 1 0 1.35188 1 0 1.35188 1 0 1.35188 1 0 1.35188 1 0 1.35188 1 0 1.35188 1 0 1.35188 1 0 1.35188 1 0 1.35188 1 0 1.35188 1 0 1.35188 1 0 1.35188 1 
1 16 208.423 8.58799 1 233.543 9.43356 1 220.115 9.97388 1 0 1.35188 1 0 1.35188 1 0 1.35188 1 0 1.35188 1 0 1.35188 1 0 1.35188 1 0 1.35188 1 0 1.35188 1 0 1.35188 1 0 1.35188 1 0 1.35188 1 0 1.35188 1 
1 24 216.259 15.1568 1 236.745 15.098 1 222.795 14.7187 1 0 1.35188 1 0 1.35188 1 0 1.35188 1 0 1.35188 1 0 1.35188 1 0 1.35188 1 0 1.35188 1 0 1.35188 1 0 1.35188 1 0 1.35188 1 0 1.35188 1 0 1.35188 1 
2 0 257.264 28.8696 1 219.386 24.6631 1 195.307 9.29186 1 0 1.35188 1 0 1.35188 1 0 1.35188 1 0 1.35188 1 0 1.35188 1 0 1.35188 1 0 1.35188 1 0 1.35188 1 0 1.35188 1 0 1.35188 1 0 1.35188 1 0 1.35188 1 
2 8 248.918 54.2601 1 221.291 11.6497 1 238.051 56.6764 1 0 1.35188 1 0 1.35188 1 0 1.35188 1 0 1.35188 1 0 1.35188 1 0 1.35188 1 0 1.35188 1 0 1.35188 1 0 1.35188 1 0 1.35188 1 0 1.35188 1 0 1.35188 1 
2 16 204.69 11.1195 1 233.154 11.098 1 212.131 3.2609 1 0 1.35188 1 0 1.35188 1 0 1.35188 1 0 1.35188 1 0 1.35188 1 0 1.35188 1 0 1.35188 1 0 1.35188 1 0 1.35188 1 0 1.35188 1 0 1.35188 1 0 1.35188 1 
2 24 231.755 38.1925 1 292.185 32.3195 1 260.541 48.1228 1 0 1.35188 1 0 1.35188 1 0 1.35188 1 0 1.35188 1 0 1.35188 1 0 1.35188 1 0 1.35188 1 0 1.35188 1 0 1.35188 1 0 1.35188 1 0 1.35188 1 0 1.35188 1 
3 0 0 1.35188 0 0 1.35188 0 57.2069 85.0478 0 0 1.35188 1 0 1.35188 1 0 1.35188 1 0 1.35188 1 0 1.35188 1 0 1.35188 1 0 1.35188 1 0 1.35188 1 0 1.35188 1 0 1.35188 1 0 1.35188 1 0 1.35188 1 
3 8 218.892 30.1669 1 195.486 25.781 1 225.312 16.9208 1 0 1.35188 1 0 1.35188 1 0 1.35188 1 0 1.35188 1 0 1.35188 1 0 1.35188 1 0 1.35188 1 0 1.35188 1 0 1.35188 1 0 1.35188 1 0 1.35188 1 0 1.35188 1 
3 16 229.714 5.33381 1 231.075 8.24957 1 228.796 9.66441 1 0 1.35188 1 0 1.35188 1 0 1.35188 1 0 1.35188 1 0 1.35188 1 0 1.35188 1 0 1.35188 1 0 1.35188 1 0 1.35188 1 0 1.35188 1 0 1.35188 1 0 1.35188 1 
3 24 220.193 30.1219 1 212.863 27.1047 1 206.605 5.36005 1 0 1.35188 1 0 1.35188 1 0 1.35188 1 0 1.35188 1 0 1.35188 1 0 1.35188 1 0 1.35188 1 0 1.35188 1 0 1.35188 1 0 1.35188 1 0 1.35188 1 0 1.35188 1 
4 0 0 1.35188 1 0 1.35188 1 0 1.35188 1 0 1.35188 1 0 1.35188 1 0 1.35188 1 0 1.35188 1 0 1.35188 1 0 1.35188 1 0 1.35188 1 0 1.35188 1 0 1.35188 1 0 1.35188 1 0 1.35188 1 0 1.35188 1 
4 8 245.795 7.76897 1 235.479 6.45642 1 236.118 7.27953 1 0 1.35188 1 0 1.35188 1 0 1.35188 1 0 1.35188 1 0 1.35188 1 0 1.35188 1 0 1.35188 1 0 1.35188 1 0 1.35188 1 0 1.35188 1 0 1.35188 1 0 1.35188 1 
4 16 231.57 4.32222 1 250.219 5.22622 1 237.394 6.17419 1 0 1.35188 1 0 1.35188 1 0 1.35188 1 0 1.35188 1 0 1.35188 1 0 1.35188 1 0 1.35188 1 0 1.35188 1 0 1.35188 1 0 1.35188 1 0 1.35188 1 0 1.35188 1 
4 24 -91.7931 82.1847 0 -91.7931 82.1847 0 135.414 76.4962 0 0 1.35188 1 0 1.35188 1 0 1.35188 1 0 1.35188 1 0 1.35188 1 0 1.35188 1 0 1.35188 1 0 1.35188 1 0 1.35188 1 0 1.35188 1 0 1.35188 1 0 1.35188 1 
5 0 268.675 29.0359 1 233.385 30.6466 1 280.099 25.5486 1 0 1.35188 1 0 1.35188 1 0 1.35188 1 0 1.35188 1 0 1.35188 1 0 1.35188 1 0 1.35188 1 0 1.35188 1 0 1.35188 1 0 1.35188 1 0 1.35188 1 0 1.35188 1 
5 8 257.932 23.2641 1 279.486 39.6381 1 283.123 25.5334 1 0 1.35188 1 0 1.35188 1 0 1.35188 1 0 1.35188 1 0 1.35188 1 0 1.35188 1 0 1.35188 1 0 1.35188 1 0 1.35188 1 0 1.35188 1 0 1.35188 1 0 1.35188 1 
5 16 238.014 23.296 1 248.368 26.4281 1 252.304 25.2736 1 0 1.35188 1 0 1.35188 1 0 1.35188 1 0 1.35188 1 0 1.35188 1 0 1.35188 1 0 1.35188 1 0 1.35188 1 0 1.35188 1 0 1.35188 1 0 1.35188 1 0 1.35188 1 
5 24 246.373 23.226 1 280.749 45.6283 1 246.788 25.4199 1 0 1.35188 1 0 1.35188 1 0 1.35188 1 0 1.35188 1 0 1.35188 1 0 1.35188 1 0 1.35188 1 0 1.35188 1 0 1.35188 1 0 1.35188 1 0 1.35188 1 0 1.35188 1 
6 0 241.9 27.6537 1 257.617 21.4953 1 244.128 23.1155 1 0 1.35188 1 0 1.35188 1 0 1.35188 1 0 1.35188 1 0 1.35188 1 0 1.35188 1 0 1.35188 1 0 1.35188 1 0 1.35188 1 0 1.35188 1 0 1.35188 1 0 1.35188 1 
6 8 238.567 20.1715 1 249.014 10.8264 1 260.306 29.911 1 0 1.35188 1 0 1.35188 1 0 1.35188 1 0 1.35188 1 0 1.35188 1 0 1.35188 1 0 1.35188 1 0 1.35188 1 0 1.35188 1 0 1.35188 1 0 1.35188 1 0 1.35188 1 
6 16 235.587 8.72565 1 253.119 13.2052 1 283.078 48.5279 1 0 1.35188 1 0 1.35188 1 0 1.35188 1 0 1.35188 1 0 1.35188 1 0 1.35188 1 0 1.35188 1 0 1.35188 1 0 1.35188 1 0 1.35188 1 0 1.35188 1 0 1.35188 1 
6 24 238.237 3.71197 0 244.485 5.47225 0 238.81 17.8249 0 0 1.35188 1 0 1.35188 1 0 1.35188 1 0 1.35188 1 0 1.35188 1 0 1.35188 1 0 1.35188 1 0 1.35188 1 0 1.35188 1 0 1.35188 1 0 1.35188 1 0 1.35188 1 
7 0 232.544 21.9041 1 232.38 22.5598 1 227.85 32.7316 1 0 1.35188 1 0 1.35188 1 0 1.35188 1 0 1.35188 1 0 1.35188 1 0 1.35188 1 0 1.35188 1 0 1.35188 1 0 1.35188 1 0 1.35188 1 0 1.35188 1 0 1.35188 1 
7 8 0 1.35188 0 82.7586 84.8644 0 0 1.35188 1 0 1.35188 1 0 1.35188 1 0 1.35188 1 0 1.35188 1 0 1.35188 1 0 1.35188 1 0 1.35188 1 0 1.35188 1 0 1.35188 1 0 1.35188 1 0 1.35188 1 0 1.35188 1 
7 16 219.93 17.62 1 237.542 15.7684 1 232.558 6.10048 1 0 1.35188 1 0 1.35188 1 0 1.35188 1 0 1.35188 1 0 1.35188 1 0 1.35188 1 0 1.35188 1 0 1.35188 1 0 1.35188 1 0 1.35188 1 0 1.35188 1 0 1.35188 1 
7 24 0 1.35188 1 0 1.35188 1 0 1.35188 1 0 1.35188 1 0 1.35188 1 0 1.35188 1 0 1.35188 1 0 1.35188 1 0 1.35188 1 0 1.35188 1 0 1.35188 1 0 1.35188 1 0 1.35188 1 0 1.35188 1 0 1.35188 1 
8 0 228.193 5.48857 1 251.713 7.36039 1 224.765 6.53091 1 0 1.35188 1 0 1.35188 1 0 1.35188 1 0 1.35188 1 0 1.35188 1 0 1.35188 1 0 1.35188 1 0 1.35188 1 0 1.35188 1 0 1.35188 1 0 1.35188 1 0 1.35188 1 
8 8 243.253 5.90544 1 249.892 8.2719 1 236.478 7.34576 1 0 1.35188 1 0 1.35188 1 0 1.35188 1 0 1.35188 1 0 1.35188 1 0 1.35188 1 0 1.35188 1 0 1.35188 1 0 1.35188 1 0 1.35188 1 0 1.35188 1 0 1.35188 1 
8 16 235.686 5.10848 1 254.746 5.50386 1 240.386 5.21648 1 0 1.35188 1 0 1.35188 1 0 1.35188 1 0 1.35188 1 0 1.35188 1 0 1.35188 1 0 1.35188 1 0 1.35188 1 0 1.35188 1 0 1.35188 1 0 1.35188 1 0 1.35188 1 
8 24 237.244 4.77437 0 245.893 5.32111 1 229.447 6.8929 1 0 1.35188 1 0 1.35188 1 0 1.35188 1 0 1.35188 1 0 1.35188 1 0 1.35188 1 0 1.35188 1 0 1.35188 1 0 1.35188 1 0 1.35188 1 0 1.35188 1 0 1.35188 1 
9 0 226.408 11.1004 1 240.542 11.7856 1 214.668 12.2655 1 0 1.35188 1 0 1.35188 1 0 1.35188 1 0 1.35188 1 0 1.35188 1 0 1.35188 1 0 1.35188 1 0 1.35188 1 0 1.35188 1 0 1.35188 1 0 1.35188 1 0 1.35188 1 
9 8 226.616 8.23656 1 241.861 10.6937 1 214.609 10.1227 1 0 1.35188 1 0 1.35188 1 0 1.35188 1 0 1.35188 1 0 1.35188 1 0 1.35188 1 0 1.35188 1 0 1.35188 1 0 1.35188 1 0 1.35188 1 0 1.35188 1 0 1.35188 1 
9 16 220.702 6.97707 1 237.649 8.18976 1 223.095 7.39918 1 0 1.35188 1 0 1.35188 1 0 1.35188 1 0 1.35188 1 0 1.35188 1 0 1.35188 1 0 1.35188 1 0 1.35188 1 0 1.35188 1 0 1.35188 1 0 1.35188 1 0 1.35188 1 
9 24 202.88 8.71386 1 236.92 8.51112 1 230.234 9.69622 1 0 1.35188 1 0 1.35188 1 0 1.35188 1 0 1.35188 1 0 1.35188 1 0 1.35188 1 0 1.35188 1 0 1.35188 1 0 1.35188 1 0 1.35188 1 0 1.35188 1 0 1.35188 1 
10 0 237.307 9.64382 1 240.171 10.5921 1 241.071 5.93107 1 0 1.35188 1 0 1.35188 1 0 1.35188 1 0 1.35188 1 0 1.35188 1 0 1.35188 1 0 1.35188 1 0 1.35188 1 0 1.35188 1 0 1.35188 1 0 1.35188 1 0 1.35188 1 
10 8 236.179 9.90129 1 245.829 9.73727 1 210.099 9.89974 1 0 1.35188 1 0 1.35188 1 0 1.35188 1 0 1.35188 1 0 1.35188 1 0 1.35188 1 0 1.35188 1 0 1.35188 1 0 1.35188 1 0 1.35188 1 0 1.35188 1 0 1.35188 1 
10 16 240.079 38.7635 1 259.814 32.1659 1 244.447 40.781 1 0 1.35188 1 0 1.35188 1 0 1.35188 1 0 1.35188 1 0 1.35188 1 0 1.35188 1 0 1.35188 1 0 1.35188 1 0 1.35188 1 0 1.35188 1 0 1.35188 1 0 1.35188 1 
10 24 229.155 11.4972 1 219.393 12.037 1 238.518 10.5612 1 0 1.35188 1 0 1.35188 1 0 1.35188 1 0 1.35188 1 0 1.35188 1 0 1.35188 1 0 1.35188 1 0 1.35188 1 0 1.35188 1 0 1.35188 1 0 1.35188 1 0 1.35188 1 
11 0 245.71 13.7875 1 217.443 14.5548 1 199.529 7.23426 1 0 1.35188 1 0 1.35188 1 0 1.35188 1 0 1.35188 1 0 1.35188 1 0 1.35188 1 0 1.35188 1 0 1.35188 1 0 1.35188 1 0 1.35188 1 0 1.35188 1 0 1.35188 1 
11 8 230.743 12.5157 1 234.634 13.9602 1 208.803 7.31761 1 0 1.35188 1 0 1.35188 1 0 1.35188 1 0 1.35188 1 0 1.35188 1 0 1.35188 1 0 1.35188 1 0 1.35188 1 0 1.35188 1 0 1.35188 1 0 1.35188 1 0 1.35188 1 
11 16 234.034 8.07314 0 223.717 4.36324 0 225.102 2.42093 1 0 1.35188 1 0 1.35188 1 0 1.35188 1 0 1.35188 1 0 1.35188 1 0 1.35188 1 0 1.35188 1 0 1.35188 1 0 1.35188 1 0 1.35188 1 0 1.35188 1 0 1.35188 1 
11 24 218.14 14.3234 1 221.685 20.3196 1 220.782 7.37466 1 0 1.35188 1 0 1.35188 1 0 1.35188 1 0 1.35188 1 0 1.35188 1 0 1.35188 1 0 1.35188 1 0 1.35188 1 0 1.35188 1 0 1.35188 1 0 1.35188 1 0 1.35188 1 
12 0 0 1.35188 0 -1.50251e-05 82.4769 0 -1.50251e-05 82.4769 0 0 1.35188 1 0 1.35188 1 0 1.35188 1 0 1.35188 1 0 1.35188 1 0 1.35188 1 0 1.35188 1 0 1.35188 1 0 1.35188 1 0 1.35188 1 0 1.35188 1 0 1.35188 1 
12 8 174.122 26.7874 1 226.294 8.31588 1 210.585 281.774 0 0 1.35188 1 0 1.35188 1 0 1.35188 1 0 1.35188 1 0 1.35188 1 0 1.35188 1 0 1.35188 1 0 1.35188 1 0 1.35188 1 0 1.35188 1 0 1.35188 1 0 1.35188 1 
12 16 226.988 14.5163 1 201.764 7.42294 1 218.439 24.6682 1 0 1.35188 1 0 1.35188 1 0 1.35188 1 0 1.35188 1 0 1.35188 1 0 1.35188 1 0 1.35188 1 0 1.35188 1 0 1.35188 1 0 1.35188 1 0 1.35188 1 0 1.35188 1 
12 24 215.691 52.4024 0 106.96 329.882 0 19.0062 170.767 0 0 1.35188 1 0 1.35188 1 0 1.35188 1 0 1.35188 1 0 1.35188 1 0 1.35188 1 0 1.35188 1 0 1.35188 1 0 1.35188 1 0 1.35188 1 0 1.35188 1 0 1.35188 1 
13 0 244.918 10.9657 1 241.852 17.6198 1 234.633 19.5991 1 0 1.35188 1 0 1.35188 1 0 1.35188 1 0 1.35188 1 0 1.35188 1 0 1.35188 1 0 1.35188 1 0 1.35188 1 0 1.35188 1 0 1.35188 1 0 1.35188 1 0 1.35188 1 
13 8 205.193 39.8786 0 249.825 7.57393 1 238.531 7.42851 1 0 1.35188 1 0 1.35188 1 0 1.35188 1 0 1.35188 1 0 1.35188 1 0 1.35188 1 0 1.35188 1 0 1.35188 1 0 1.35188 1 0 1.35188 1 0 1.35188 1 0 1.35188 1 
13 16 239.753 10.8274 0 239.942 11.9975 0 229.851 27.9218 1 0 1.35188 1 0 1.35188 1 0 1.35188 1 0 1.35188 1 0 1.35188 1 0 1.35188 1 0 1.35188 1 0 1.35188 1 0 1.35188 1 0 1.35188 1 0 1.35188 1 0 1.35188 1 
13 24 0 1.35188 1 -26.6896 92.6292 0 -25.5517 88.6799 0 0 1.35188 1 0 1.35188 1 0 1.35188 1 0 1.35188 1 0 1.35188 1 0 1.35188 1 0 1.35188 1 0 1.35188 1 0 1.35188 1 0 1.35188 1 0 1.35188 1 0 1.35188 1 
14 0 0 1.35188 1 0 1.35188 1 0 1.35188 1 0 1.35188 1 0 1.35188 1 0 1.35188 1 0 1.35188 1 0 1.35188 1 0 1.35188 1 0 1.35188 1 0 1.35188 1 0 1.35188 1 0 1.35188 1 0 1.35188 1 0 1.35188 1 
14 8 234.49 33.4096 1 227.683 50.7357 1 250.875 50.0791 1 0 1.35188 1 0 1.35188 1 0 1.35188 1 0 1.35188 1 0 1.35188 1 0 1.35188 1 0 1.35188 1 0 1.35188 1 0 1.35188 1 0 1.35188 1 0 1.35188 1 0 1.35188 1 
14 16 213.042 10.1108 1 232.183 16.3927 1 211.548 14.4431 1 0 1.35188 1 0 1.35188 1 0 1.35188 1 0 1.35188 1 0 1.35188 1 0 1.35188 1 0 1.35188 1 0 1.35188 1 0 1.35188 1 0 1.35188 1 0 1.35188 1 0 1.35188 1 
14 24 233.849 21.7938 1 197.408 5.34075 1 210.756 8.9438 1 0 1.35188 1 0 1.35188 1 0 1.35188 1 0 1.35188 1 0 1.35188 1 0 1.35188 1 0 1.35188 1 0 1.35188 1 0 1.35188 1 0 1.35188 1 0 1.35188 1 0 1.35188 1 
15 0 245.462 4.49459 1 243.134 2.14159 1 247.235 1.61426 1 0 1.35188 1 0 1.35188 1 0 1.35188 1 0 1.35188 1 0 1.35188 1 0 1.35188 1 0 1.35188 1 0 1.35188 1 0 1.35188 1 0 1.35188 1 0 1.35188 1 0 1.35188 1 
15 8 220.43 22.1091 0 255.254 5.98244 0 261.165 4.54486 1 0 1.35188 1 0 1.35188 1 0 1.35188 1 0 1.35188 1 0 1.35188 1 0 1.35188 1 0 1.35188 1 0 1.35188 1 0 1.35188 1 0 1.35188 1 0 1.35188 1 0 1.35188 1 
15 16 0 1.35188 1 0 1.35188 1 0 1.35188 1 0 1.35188 1 0 1.35188 1 0 1.35188 1 0 1.35188 1 0 1.35188 1 0 1.35188 1 0 1.35188 1 0 1.35188 1 0 1.35188 1 0 1.35188 1 0 1.35188 1 0 1.35188 1 
15 24 259.168 2.31834 1 240.831 5.10969 1 249.398 3.41141 1 0 1.35188 1 0 1.35188 1 0 1.35188 1 0 1.35188 1 0 1.35188 1 0 1.35188 1 0 1.35188 1 0 1.35188 1 0 1.35188 1 0 1.35188 1 0 1.35188 1 0 1.35188 1 
