#pedestal results (injection fits): calib_02272020_pa1.2fb_trig230_chn0.8.16.24_calib_small_Ascii
#chip channel ped0 eped0 accept0 ped1 eped1 accept1 ... pedn epedn acceptn (All sca)
0 0 227.304 1.44836 0 244.052 2.38965 0 231.205 1.37305 0 0 1.35188 1 0 1.35188 1 0 1.35188 1 0 1.35188 1 0 1.35188 1 0 1.35188 1 0 1.35188 1 0 1.35188 1 0 1.35188 1 0 1.35188 1 0 1.35188 1 0 1.35188 1 
0 8 242.705 1.64861 1 225.36 1.70268 0 242.917 1.41875 1 0 1.35188 1 0 1.35188 1 0 1.35188 1 0 1.35188 1 0 1.35188 1 0 1.35188 1 0 1.35188 1 0 1.35188 1 0 1.35188 1 0 1.35188 1 0 1.35188 1 0 1.35188 1 
0 16 163.608 5.72395 0 210.837 1.97022 0 230.86 2.90629 1 0 1.35188 1 0 1.35188 1 0 1.35188 1 0 1.35188 1 0 1.35188 1 0 1.35188 1 0 1.35188 1 0 1.35188 1 0 1.35188 1 0 1.35188 1 0 1.35188 1 0 1.35188 1 
0 24 244.453 6.07488 0 230.381 1.8401 0 245.142 3.74115 1 0 1.35188 1 0 1.35188 1 0 1.35188 1 0 1.35188 1 0 1.35188 1 0 1.35188 1 0 1.35188 1 0 1.35188 1 0 1.35188 1 0 1.35188 1 0 1.35188 1 0 1.35188 1 
1 0 206.405 4.45621 1 204.377 4.55068 0 215.532 4.55883 1 0 1.35188 1 0 1.35188 1 0 1.35188 1 0 1.35188 1 0 1.35188 1 0 1.35188 1 0 1.35188 1 0 1.35188 1 0 1.35188 1 0 1.35188 1 0 1.35188 1 0 1.35188 1 
1 8 214.877 1.97533 1 177.459 3.01534 0 195.563 5.91862 1 0 1.35188 1 0 1.35188 1 0 1.35188 1 0 1.35188 1 0 1.35188 1 0 1.35188 1 0 1.35188 1 0 1.35188 1 0 1.35188 1 0 1.35188 1 0 1.35188 1 0 1.35188 1 
1 16 203.551 2.13512 1 185.858 2.11009 0 204.983 4.84478 1 0 1.35188 1 0 1.35188 1 0 1.35188 1 0 1.35188 1 0 1.35188 1 0 1.35188 1 0 1.35188 1 0 1.35188 1 0 1.35188 1 0 1.35188 1 0 1.35188 1 0 1.35188 1 
1 24 198.362 4.27067 1 191.245 3.78484 1 200.683 3.50708 1 0 1.35188 1 0 1.35188 1 0 1.35188 1 0 1.35188 1 0 1.35188 1 0 1.35188 1 0 1.35188 1 0 1.35188 1 0 1.35188 1 0 1.35188 1 0 1.35188 1 0 1.35188 1 
2 0 219.399 4.36493 1 217.269 3.73995 1 205.116 4.25888 1 0 1.35188 1 0 1.35188 1 0 1.35188 1 0 1.35188 1 0 1.35188 1 0 1.35188 1 0 1.35188 1 0 1.35188 1 0 1.35188 1 0 1.35188 1 0 1.35188 1 0 1.35188 1 
2 8 199.342 5.61389 1 220.83 3.48778 1 226.543 1.68264 1 0 1.35188 1 0 1.35188 1 0 1.35188 1 0 1.35188 1 0 1.35188 1 0 1.35188 1 0 1.35188 1 0 1.35188 1 0 1.35188 1 0 1.35188 1 0 1.35188 1 0 1.35188 1 
2 16 189.719 1.11096 0 200.089 1.7242 0 194.454 3.04776 0 0 1.35188 1 0 1.35188 1 0 1.35188 1 0 1.35188 1 0 1.35188 1 0 1.35188 1 0 1.35188 1 0 1.35188 1 0 1.35188 1 0 1.35188 1 0 1.35188 1 0 1.35188 1 
2 24 209.637 2.69505 0 210.436 3.65493 1 209.82 4.21863 1 0 1.35188 1 0 1.35188 1 0 1.35188 1 0 1.35188 1 0 1.35188 1 0 1.35188 1 0 1.35188 1 0 1.35188 1 0 1.35188 1 0 1.35188 1 0 1.35188 1 0 1.35188 1 
3 0 235.702 2.38135 1 235.609 1.31683 0 226.97 2.51446 0 0 1.35188 1 0 1.35188 1 0 1.35188 1 0 1.35188 1 0 1.35188 1 0 1.35188 1 0 1.35188 1 0 1.35188 1 0 1.35188 1 0 1.35188 1 0 1.35188 1 0 1.35188 1 
3 8 243.195 1.97434 1 244.046 2.1611 1 246.995 1.28921 1 0 1.35188 1 0 1.35188 1 0 1.35188 1 0 1.35188 1 0 1.35188 1 0 1.35188 1 0 1.35188 1 0 1.35188 1 0 1.35188 1 0 1.35188 1 0 1.35188 1 0 1.35188 1 
3 16 223.429 1.3811 0 229.851 1.43064 0 227.984 1.23261 0 0 1.35188 1 0 1.35188 1 0 1.35188 1 0 1.35188 1 0 1.35188 1 0 1.35188 1 0 1.35188 1 0 1.35188 1 0 1.35188 1 0 1.35188 1 0 1.35188 1 0 1.35188 1 
3 24 242.01 2.17009 1 233.583 1.27699 0 235.497 2.50657 1 0 1.35188 1 0 1.35188 1 0 1.35188 1 0 1.35188 1 0 1.35188 1 0 1.35188 1 0 1.35188 1 0 1.35188 1 0 1.35188 1 0 1.35188 1 0 1.35188 1 0 1.35188 1 
4 0 213.361 4.41956 1 220.521 6.07941 1 205.45 6.42153 1 0 1.35188 1 0 1.35188 1 0 1.35188 1 0 1.35188 1 0 1.35188 1 0 1.35188 1 0 1.35188 1 0 1.35188 1 0 1.35188 1 0 1.35188 1 0 1.35188 1 0 1.35188 1 
4 8 214.21 4.49396 1 215.582 2.72355 0 215.84 5.98223 1 0 1.35188 1 0 1.35188 1 0 1.35188 1 0 1.35188 1 0 1.35188 1 0 1.35188 1 0 1.35188 1 0 1.35188 1 0 1.35188 1 0 1.35188 1 0 1.35188 1 0 1.35188 1 
4 16 202.862 13.5409 0 203.908 1.7018 0 207.765 5.43543 1 0 1.35188 1 0 1.35188 1 0 1.35188 1 0 1.35188 1 0 1.35188 1 0 1.35188 1 0 1.35188 1 0 1.35188 1 0 1.35188 1 0 1.35188 1 0 1.35188 1 0 1.35188 1 
4 24 213.806 4.43721 1 211.676 4.08567 0 219.437 7.79981 1 0 1.35188 1 0 1.35188 1 0 1.35188 1 0 1.35188 1 0 1.35188 1 0 1.35188 1 0 1.35188 1 0 1.35188 1 0 1.35188 1 0 1.35188 1 0 1.35188 1 0 1.35188 1 
5 0 243.516 4.6768 1 249.72 4.59791 1 258.622 6.3234 1 0 1.35188 1 0 1.35188 1 0 1.35188 1 0 1.35188 1 0 1.35188 1 0 1.35188 1 0 1.35188 1 0 1.35188 1 0 1.35188 1 0 1.35188 1 0 1.35188 1 0 1.35188 1 
5 8 227.914 4.19108 0 230.09 6.39995 1 242.291 7.19578 1 0 1.35188 1 0 1.35188 1 0 1.35188 1 0 1.35188 1 0 1.35188 1 0 1.35188 1 0 1.35188 1 0 1.35188 1 0 1.35188 1 0 1.35188 1 0 1.35188 1 0 1.35188 1 
5 16 227.294 5.37701 1 239.183 7.9579 1 242.29 8.40807 1 0 1.35188 1 0 1.35188 1 0 1.35188 1 0 1.35188 1 0 1.35188 1 0 1.35188 1 0 1.35188 1 0 1.35188 1 0 1.35188 1 0 1.35188 1 0 1.35188 1 0 1.35188 1 
5 24 236.629 5.95819 1 236.341 5.74755 1 235.08 6.88049 1 0 1.35188 1 0 1.35188 1 0 1.35188 1 0 1.35188 1 0 1.35188 1 0 1.35188 1 0 1.35188 1 0 1.35188 1 0 1.35188 1 0 1.35188 1 0 1.35188 1 0 1.35188 1 
6 0 216.875 4.22927 1 200.892 6.0087 1 223.032 6.72727 1 0 1.35188 1 0 1.35188 1 0 1.35188 1 0 1.35188 1 0 1.35188 1 0 1.35188 1 0 1.35188 1 0 1.35188 1 0 1.35188 1 0 1.35188 1 0 1.35188 1 0 1.35188 1 
6 8 222.255 3.0748 1 209.435 5.21182 1 219.94 4.25321 1 0 1.35188 1 0 1.35188 1 0 1.35188 1 0 1.35188 1 0 1.35188 1 0 1.35188 1 0 1.35188 1 0 1.35188 1 0 1.35188 1 0 1.35188 1 0 1.35188 1 0 1.35188 1 
6 16 224.738 5.52282 1 215.635 6.26104 1 215.458 5.90848 1 0 1.35188 1 0 1.35188 1 0 1.35188 1 0 1.35188 1 0 1.35188 1 0 1.35188 1 0 1.35188 1 0 1.35188 1 0 1.35188 1 0 1.35188 1 0 1.35188 1 0 1.35188 1 
6 24 217.38 2.91544 0 214.273 4.66497 1 226.897 4.34962 1 0 1.35188 1 0 1.35188 1 0 1.35188 1 0 1.35188 1 0 1.35188 1 0 1.35188 1 0 1.35188 1 0 1.35188 1 0 1.35188 1 0 1.35188 1 0 1.35188 1 0 1.35188 1 
7 0 206.855 3.83289 0 218.76 8.26473 1 232.531 7.39717 1 0 1.35188 1 0 1.35188 1 0 1.35188 1 0 1.35188 1 0 1.35188 1 0 1.35188 1 0 1.35188 1 0 1.35188 1 0 1.35188 1 0 1.35188 1 0 1.35188 1 0 1.35188 1 
7 8 216.949 3.48854 0 219.552 6.06123 1 236.219 4.83817 1 0 1.35188 1 0 1.35188 1 0 1.35188 1 0 1.35188 1 0 1.35188 1 0 1.35188 1 0 1.35188 1 0 1.35188 1 0 1.35188 1 0 1.35188 1 0 1.35188 1 0 1.35188 1 
7 16 213.734 3.77746 1 207.963 4.93867 1 224.786 5.50773 1 0 1.35188 1 0 1.35188 1 0 1.35188 1 0 1.35188 1 0 1.35188 1 0 1.35188 1 0 1.35188 1 0 1.35188 1 0 1.35188 1 0 1.35188 1 0 1.35188 1 0 1.35188 1 
7 24 221.952 3.12119 1 228.333 3.38729 1 225.108 2.76058 1 0 1.35188 1 0 1.35188 1 0 1.35188 1 0 1.35188 1 0 1.35188 1 0 1.35188 1 0 1.35188 1 0 1.35188 1 0 1.35188 1 0 1.35188 1 0 1.35188 1 0 1.35188 1 
8 0 236.93 1.45515 1 215.92 1.84885 0 234.272 1.3283 1 0 1.35188 1 0 1.35188 1 0 1.35188 1 0 1.35188 1 0 1.35188 1 0 1.35188 1 0 1.35188 1 0 1.35188 1 0 1.35188 1 0 1.35188 1 0 1.35188 1 0 1.35188 1 
8 8 251.358 1.46086 1 227.67 1.68216 0 255.156 1.3337 0 0 1.35188 1 0 1.35188 1 0 1.35188 1 0 1.35188 1 0 1.35188 1 0 1.35188 1 0 1.35188 1 0 1.35188 1 0 1.35188 1 0 1.35188 1 0 1.35188 1 0 1.35188 1 
8 16 228.039 4.54534 1 225.57 2.88855 0 246.388 1.08508 1 0 1.35188 1 0 1.35188 1 0 1.35188 1 0 1.35188 1 0 1.35188 1 0 1.35188 1 0 1.35188 1 0 1.35188 1 0 1.35188 1 0 1.35188 1 0 1.35188 1 0 1.35188 1 
8 24 238.915 2.84795 1 210.54 2.29822 0 231.76 1.25934 1 0 1.35188 1 0 1.35188 1 0 1.35188 1 0 1.35188 1 0 1.35188 1 0 1.35188 1 0 1.35188 1 0 1.35188 1 0 1.35188 1 0 1.35188 1 0 1.35188 1 0 1.35188 1 
9 0 226.747 2.18647 1 209.914 2.11675 0 221.448 2.32594 1 0 1.35188 1 0 1.35188 1 0 1.35188 1 0 1.35188 1 0 1.35188 1 0 1.35188 1 0 1.35188 1 0 1.35188 1 0 1.35188 1 0 1.35188 1 0 1.35188 1 0 1.35188 1 
9 8 243.491 1.81515 0 219.575 1.63136 0 225.475 1.89777 1 0 1.35188 1 0 1.35188 1 0 1.35188 1 0 1.35188 1 0 1.35188 1 0 1.35188 1 0 1.35188 1 0 1.35188 1 0 1.35188 1 0 1.35188 1 0 1.35188 1 0 1.35188 1 
9 16 229.631 2.09441 1 204.821 1.75291 0 228.114 1.76452 1 0 1.35188 1 0 1.35188 1 0 1.35188 1 0 1.35188 1 0 1.35188 1 0 1.35188 1 0 1.35188 1 0 1.35188 1 0 1.35188 1 0 1.35188 1 0 1.35188 1 0 1.35188 1 
9 24 230.625 4.88155 1 206.013 3.38268 0 248.648 2.36098 1 0 1.35188 1 0 1.35188 1 0 1.35188 1 0 1.35188 1 0 1.35188 1 0 1.35188 1 0 1.35188 1 0 1.35188 1 0 1.35188 1 0 1.35188 1 0 1.35188 1 0 1.35188 1 
10 0 232.1 1.53875 1 217.459 1.10171 0 219.345 1.97929 0 0 1.35188 1 0 1.35188 1 0 1.35188 1 0 1.35188 1 0 1.35188 1 0 1.35188 1 0 1.35188 1 0 1.35188 1 0 1.35188 1 0 1.35188 1 0 1.35188 1 0 1.35188 1 
10 8 229.965 1.61338 1 227.059 0.858221 0 229.825 1.33826 1 0 1.35188 1 0 1.35188 1 0 1.35188 1 0 1.35188 1 0 1.35188 1 0 1.35188 1 0 1.35188 1 0 1.35188 1 0 1.35188 1 0 1.35188 1 0 1.35188 1 0 1.35188 1 
10 16 239.058 1.69292 1 224.745 1.49244 0 253.42 1.81928 0 0 1.35188 1 0 1.35188 1 0 1.35188 1 0 1.35188 1 0 1.35188 1 0 1.35188 1 0 1.35188 1 0 1.35188 1 0 1.35188 1 0 1.35188 1 0 1.35188 1 0 1.35188 1 
10 24 234.304 1.32044 1 221.041 1.34892 0 242.701 1.58997 0 0 1.35188 1 0 1.35188 1 0 1.35188 1 0 1.35188 1 0 1.35188 1 0 1.35188 1 0 1.35188 1 0 1.35188 1 0 1.35188 1 0 1.35188 1 0 1.35188 1 0 1.35188 1 
11 0 184.423 3.61735 0 196.677 3.17271 0 198.535 5.71912 1 0 1.35188 1 0 1.35188 1 0 1.35188 1 0 1.35188 1 0 1.35188 1 0 1.35188 1 0 1.35188 1 0 1.35188 1 0 1.35188 1 0 1.35188 1 0 1.35188 1 0 1.35188 1 
11 8 199.598 3.01973 1 200.316 2.9655 0 203.347 2.92616 1 0 1.35188 1 0 1.35188 1 0 1.35188 1 0 1.35188 1 0 1.35188 1 0 1.35188 1 0 1.35188 1 0 1.35188 1 0 1.35188 1 0 1.35188 1 0 1.35188 1 0 1.35188 1 
11 16 211.3 3.42116 1 187.575 3.1773 0 226.908 6.89459 1 0 1.35188 1 0 1.35188 1 0 1.35188 1 0 1.35188 1 0 1.35188 1 0 1.35188 1 0 1.35188 1 0 1.35188 1 0 1.35188 1 0 1.35188 1 0 1.35188 1 0 1.35188 1 
11 24 200.494 4.21785 1 200.311 3.79933 1 194.412 3.61849 1 0 1.35188 1 0 1.35188 1 0 1.35188 1 0 1.35188 1 0 1.35188 1 0 1.35188 1 0 1.35188 1 0 1.35188 1 0 1.35188 1 0 1.35188 1 0 1.35188 1 0 1.35188 1 
12 0 145.562 5.51664 0 202.132 3.11914 0 242.466 3.49695 1 0 1.35188 1 0 1.35188 1 0 1.35188 1 0 1.35188 1 0 1.35188 1 0 1.35188 1 0 1.35188 1 0 1.35188 1 0 1.35188 1 0 1.35188 1 0 1.35188 1 0 1.35188 1 
12 8 213.411 3.53742 0 202.6 10.2722 1 241.024 6.01616 1 0 1.35188 1 0 1.35188 1 0 1.35188 1 0 1.35188 1 0 1.35188 1 0 1.35188 1 0 1.35188 1 0 1.35188 1 0 1.35188 1 0 1.35188 1 0 1.35188 1 0 1.35188 1 
12 16 218.991 2.8614 0 217.753 6.42481 1 228.086 3.45243 1 0 1.35188 1 0 1.35188 1 0 1.35188 1 0 1.35188 1 0 1.35188 1 0 1.35188 1 0 1.35188 1 0 1.35188 1 0 1.35188 1 0 1.35188 1 0 1.35188 1 0 1.35188 1 
12 24 230.363 1.72949 0 224.46 6.38607 1 232.62 3.24264 1 0 1.35188 1 0 1.35188 1 0 1.35188 1 0 1.35188 1 0 1.35188 1 0 1.35188 1 0 1.35188 1 0 1.35188 1 0 1.35188 1 0 1.35188 1 0 1.35188 1 0 1.35188 1 
13 0 190.884 3.54073 0 206.383 4.419 1 203.821 5.21073 1 0 1.35188 1 0 1.35188 1 0 1.35188 1 0 1.35188 1 0 1.35188 1 0 1.35188 1 0 1.35188 1 0 1.35188 1 0 1.35188 1 0 1.35188 1 0 1.35188 1 0 1.35188 1 
13 8 191.567 5.54638 1 208.158 6.89235 1 209.109 5.8221 1 0 1.35188 1 0 1.35188 1 0 1.35188 1 0 1.35188 1 0 1.35188 1 0 1.35188 1 0 1.35188 1 0 1.35188 1 0 1.35188 1 0 1.35188 1 0 1.35188 1 0 1.35188 1 
13 16 190.853 4.10933 1 194.135 6.30255 1 196.856 5.95364 1 0 1.35188 1 0 1.35188 1 0 1.35188 1 0 1.35188 1 0 1.35188 1 0 1.35188 1 0 1.35188 1 0 1.35188 1 0 1.35188 1 0 1.35188 1 0 1.35188 1 0 1.35188 1 
13 24 184.408 4.11874 0 210.877 5.53667 1 208.432 5.95017 1 0 1.35188 1 0 1.35188 1 0 1.35188 1 0 1.35188 1 0 1.35188 1 0 1.35188 1 0 1.35188 1 0 1.35188 1 0 1.35188 1 0 1.35188 1 0 1.35188 1 0 1.35188 1 
14 0 240.746 5.22472 1 230.279 5.3121 1 251.428 7.9789 1 0 1.35188 1 0 1.35188 1 0 1.35188 1 0 1.35188 1 0 1.35188 1 0 1.35188 1 0 1.35188 1 0 1.35188 1 0 1.35188 1 0 1.35188 1 0 1.35188 1 0 1.35188 1 
14 8 241.57 4.95553 1 220.969 5.40325 1 249.69 5.87035 1 0 1.35188 1 0 1.35188 1 0 1.35188 1 0 1.35188 1 0 1.35188 1 0 1.35188 1 0 1.35188 1 0 1.35188 1 0 1.35188 1 0 1.35188 1 0 1.35188 1 0 1.35188 1 
14 16 222.96 4.00852 0 238.203 6.34298 1 222.201 7.20925 1 0 1.35188 1 0 1.35188 1 0 1.35188 1 0 1.35188 1 0 1.35188 1 0 1.35188 1 0 1.35188 1 0 1.35188 1 0 1.35188 1 0 1.35188 1 0 1.35188 1 0 1.35188 1 
14 24 237.225 4.09676 1 246.939 5.18939 1 219.786 4.55386 1 0 1.35188 1 0 1.35188 1 0 1.35188 1 0 1.35188 1 0 1.35188 1 0 1.35188 1 0 1.35188 1 0 1.35188 1 0 1.35188 1 0 1.35188 1 0 1.35188 1 0 1.35188 1 
15 0 226.424 3.51841 1 233.696 4.32791 1 221.248 3.73275 1 0 1.35188 1 0 1.35188 1 0 1.35188 1 0 1.35188 1 0 1.35188 1 0 1.35188 1 0 1.35188 1 0 1.35188 1 0 1.35188 1 0 1.35188 1 0 1.35188 1 0 1.35188 1 
15 8 226.378 2.81261 1 229.952 3.53186 1 213.543 3.22056 0 0 1.35188 1 0 1.35188 1 0 1.35188 1 0 1.35188 1 0 1.35188 1 0 1.35188 1 0 1.35188 1 0 1.35188 1 0 1.35188 1 0 1.35188 1 0 1.35188 1 0 1.35188 1 
15 16 202.023 2.47695 0 207.578 6.09068 1 221.829 7.11814 1 0 1.35188 1 0 1.35188 1 0 1.35188 1 0 1.35188 1 0 1.35188 1 0 1.35188 1 0 1.35188 1 0 1.35188 1 0 1.35188 1 0 1.35188 1 0 1.35188 1 0 1.35188 1 
15 24 229.727 3.94461 1 226.188 4.44355 1 218.786 4.35644 1 0 1.35188 1 0 1.35188 1 0 1.35188 1 0 1.35188 1 0 1.35188 1 0 1.35188 1 0 1.35188 1 0 1.35188 1 0 1.35188 1 0 1.35188 1 0 1.35188 1 0 1.35188 1 
