#pedestal results (injection fits): calib_02272020_pa1.2fb_trig230_chn0.8.16.24_calib_small_Ascii
#chip channel ped0 eped0 accept0 ped1 eped1 accept1 ... pedn epedn acceptn (All sca)
0 0 230.234 1.71425 1 243.065 1.8064 0 233.062 1.22103 1 0 1.35188 1 0 1.35188 1 0 1.35188 1 0 1.35188 1 0 1.35188 1 0 1.35188 1 0 1.35188 1 0 1.35188 1 0 1.35188 1 0 1.35188 1 0 1.35188 1 0 1.35188 1 
0 8 230.642 1.66071 1 230.5 1.94705 1 226.735 1.28023 1 0 1.35188 1 0 1.35188 1 0 1.35188 1 0 1.35188 1 0 1.35188 1 0 1.35188 1 0 1.35188 1 0 1.35188 1 0 1.35188 1 0 1.35188 1 0 1.35188 1 0 1.35188 1 
0 16 225.538 1.33023 1 226.119 1.47702 1 224.258 1.25975 1 0 1.35188 1 0 1.35188 1 0 1.35188 1 0 1.35188 1 0 1.35188 1 0 1.35188 1 0 1.35188 1 0 1.35188 1 0 1.35188 1 0 1.35188 1 0 1.35188 1 0 1.35188 1 
0 24 221.483 1.3297 1 222.726 1.63992 1 223.74 1.29423 1 0 1.35188 1 0 1.35188 1 0 1.35188 1 0 1.35188 1 0 1.35188 1 0 1.35188 1 0 1.35188 1 0 1.35188 1 0 1.35188 1 0 1.35188 1 0 1.35188 1 0 1.35188 1 
1 0 236.44 1.97895 1 234.671 1.57601 1 238.556 0.943065 1 0 1.35188 1 0 1.35188 1 0 1.35188 1 0 1.35188 1 0 1.35188 1 0 1.35188 1 0 1.35188 1 0 1.35188 1 0 1.35188 1 0 1.35188 1 0 1.35188 1 0 1.35188 1 
1 8 236.383 1.94278 1 233.775 1.17679 1 234.665 1.40382 1 0 1.35188 1 0 1.35188 1 0 1.35188 1 0 1.35188 1 0 1.35188 1 0 1.35188 1 0 1.35188 1 0 1.35188 1 0 1.35188 1 0 1.35188 1 0 1.35188 1 0 1.35188 1 
1 16 234.686 1.72345 1 226.3 2.0467 1 231.634 1.42818 1 0 1.35188 1 0 1.35188 1 0 1.35188 1 0 1.35188 1 0 1.35188 1 0 1.35188 1 0 1.35188 1 0 1.35188 1 0 1.35188 1 0 1.35188 1 0 1.35188 1 0 1.35188 1 
1 24 236.696 1.72116 1 243.864 2.80227 1 233.029 1.10943 1 0 1.35188 1 0 1.35188 1 0 1.35188 1 0 1.35188 1 0 1.35188 1 0 1.35188 1 0 1.35188 1 0 1.35188 1 0 1.35188 1 0 1.35188 1 0 1.35188 1 0 1.35188 1 
2 0 230.282 1.54872 1 232.861 2.09732 1 235.63 1.5347 1 0 1.35188 1 0 1.35188 1 0 1.35188 1 0 1.35188 1 0 1.35188 1 0 1.35188 1 0 1.35188 1 0 1.35188 1 0 1.35188 1 0 1.35188 1 0 1.35188 1 0 1.35188 1 
2 8 225.904 1.59735 1 237.318 2.92802 1 225.333 2.18846 1 0 1.35188 1 0 1.35188 1 0 1.35188 1 0 1.35188 1 0 1.35188 1 0 1.35188 1 0 1.35188 1 0 1.35188 1 0 1.35188 1 0 1.35188 1 0 1.35188 1 0 1.35188 1 
2 16 219.904 2.1469 1 228.411 2.1348 1 226.981 1.64166 1 0 1.35188 1 0 1.35188 1 0 1.35188 1 0 1.35188 1 0 1.35188 1 0 1.35188 1 0 1.35188 1 0 1.35188 1 0 1.35188 1 0 1.35188 1 0 1.35188 1 0 1.35188 1 
2 24 225.228 1.9616 1 232.962 2.35437 1 221.76 2.66669 1 0 1.35188 1 0 1.35188 1 0 1.35188 1 0 1.35188 1 0 1.35188 1 0 1.35188 1 0 1.35188 1 0 1.35188 1 0 1.35188 1 0 1.35188 1 0 1.35188 1 0 1.35188 1 
3 0 243.818 1.58001 1 248.885 1.64016 1 249.251 1.24438 1 0 1.35188 1 0 1.35188 1 0 1.35188 1 0 1.35188 1 0 1.35188 1 0 1.35188 1 0 1.35188 1 0 1.35188 1 0 1.35188 1 0 1.35188 1 0 1.35188 1 0 1.35188 1 
3 8 251.11 1.56132 1 244.778 1.575 1 245.396 1.30409 1 0 1.35188 1 0 1.35188 1 0 1.35188 1 0 1.35188 1 0 1.35188 1 0 1.35188 1 0 1.35188 1 0 1.35188 1 0 1.35188 1 0 1.35188 1 0 1.35188 1 0 1.35188 1 
3 16 253.635 2.10857 1 254.215 1.94371 1 258.586 1.8787 1 0 1.35188 1 0 1.35188 1 0 1.35188 1 0 1.35188 1 0 1.35188 1 0 1.35188 1 0 1.35188 1 0 1.35188 1 0 1.35188 1 0 1.35188 1 0 1.35188 1 0 1.35188 1 
3 24 252.052 2.64182 1 246.868 1.51492 1 247.704 1.75638 1 0 1.35188 1 0 1.35188 1 0 1.35188 1 0 1.35188 1 0 1.35188 1 0 1.35188 1 0 1.35188 1 0 1.35188 1 0 1.35188 1 0 1.35188 1 0 1.35188 1 0 1.35188 1 
4 0 242.919 1.68946 1 236.686 1.64063 1 237.4 1.54045 1 0 1.35188 1 0 1.35188 1 0 1.35188 1 0 1.35188 1 0 1.35188 1 0 1.35188 1 0 1.35188 1 0 1.35188 1 0 1.35188 1 0 1.35188 1 0 1.35188 1 0 1.35188 1 
4 8 236.27 1.52706 1 231.735 1.71104 1 237.958 1.08009 1 0 1.35188 1 0 1.35188 1 0 1.35188 1 0 1.35188 1 0 1.35188 1 0 1.35188 1 0 1.35188 1 0 1.35188 1 0 1.35188 1 0 1.35188 1 0 1.35188 1 0 1.35188 1 
4 16 230.11 1.47321 1 227.846 1.42362 1 233.353 1.49289 1 0 1.35188 1 0 1.35188 1 0 1.35188 1 0 1.35188 1 0 1.35188 1 0 1.35188 1 0 1.35188 1 0 1.35188 1 0 1.35188 1 0 1.35188 1 0 1.35188 1 0 1.35188 1 
4 24 234.144 1.49128 1 233.977 1.96094 1 235.13 1.24853 1 0 1.35188 1 0 1.35188 1 0 1.35188 1 0 1.35188 1 0 1.35188 1 0 1.35188 1 0 1.35188 1 0 1.35188 1 0 1.35188 1 0 1.35188 1 0 1.35188 1 0 1.35188 1 
5 0 248.244 1.46055 1 235.604 1.61493 1 241.081 1.02519 1 0 1.35188 1 0 1.35188 1 0 1.35188 1 0 1.35188 1 0 1.35188 1 0 1.35188 1 0 1.35188 1 0 1.35188 1 0 1.35188 1 0 1.35188 1 0 1.35188 1 0 1.35188 1 
5 8 243.722 1.49989 1 243.628 1.49676 1 242.6 1.24915 1 0 1.35188 1 0 1.35188 1 0 1.35188 1 0 1.35188 1 0 1.35188 1 0 1.35188 1 0 1.35188 1 0 1.35188 1 0 1.35188 1 0 1.35188 1 0 1.35188 1 0 1.35188 1 
5 16 239.481 2.06758 1 238.977 2.0249 1 234.721 2.00188 1 0 1.35188 1 0 1.35188 1 0 1.35188 1 0 1.35188 1 0 1.35188 1 0 1.35188 1 0 1.35188 1 0 1.35188 1 0 1.35188 1 0 1.35188 1 0 1.35188 1 0 1.35188 1 
5 24 238.911 1.58017 1 239.516 1.36858 1 244.222 1.58728 1 0 1.35188 1 0 1.35188 1 0 1.35188 1 0 1.35188 1 0 1.35188 1 0 1.35188 1 0 1.35188 1 0 1.35188 1 0 1.35188 1 0 1.35188 1 0 1.35188 1 0 1.35188 1 
6 0 243.435 1.50279 1 236.833 1.76629 1 240.26 1.57091 1 0 1.35188 1 0 1.35188 1 0 1.35188 1 0 1.35188 1 0 1.35188 1 0 1.35188 1 0 1.35188 1 0 1.35188 1 0 1.35188 1 0 1.35188 1 0 1.35188 1 0 1.35188 1 
6 8 237.362 1.50258 1 242.471 1.55773 1 244.184 1.89985 1 0 1.35188 1 0 1.35188 1 0 1.35188 1 0 1.35188 1 0 1.35188 1 0 1.35188 1 0 1.35188 1 0 1.35188 1 0 1.35188 1 0 1.35188 1 0 1.35188 1 0 1.35188 1 
6 16 242.668 1.46243 1 241.336 1.43418 1 242.513 1.31285 1 0 1.35188 1 0 1.35188 1 0 1.35188 1 0 1.35188 1 0 1.35188 1 0 1.35188 1 0 1.35188 1 0 1.35188 1 0 1.35188 1 0 1.35188 1 0 1.35188 1 0 1.35188 1 
6 24 244.998 1.72108 1 232.598 1.8363 1 243.805 2.05441 1 0 1.35188 1 0 1.35188 1 0 1.35188 1 0 1.35188 1 0 1.35188 1 0 1.35188 1 0 1.35188 1 0 1.35188 1 0 1.35188 1 0 1.35188 1 0 1.35188 1 0 1.35188 1 
7 0 216.627 1.41691 1 214.442 1.5807 1 208.475 1.48636 1 0 1.35188 1 0 1.35188 1 0 1.35188 1 0 1.35188 1 0 1.35188 1 0 1.35188 1 0 1.35188 1 0 1.35188 1 0 1.35188 1 0 1.35188 1 0 1.35188 1 0 1.35188 1 
7 8 216.661 1.41954 1 214.494 1.76224 1 207.002 1.24359 1 0 1.35188 1 0 1.35188 1 0 1.35188 1 0 1.35188 1 0 1.35188 1 0 1.35188 1 0 1.35188 1 0 1.35188 1 0 1.35188 1 0 1.35188 1 0 1.35188 1 0 1.35188 1 
7 16 216.527 1.47701 1 213.115 1.85913 1 212.276 1.23771 1 0 1.35188 1 0 1.35188 1 0 1.35188 1 0 1.35188 1 0 1.35188 1 0 1.35188 1 0 1.35188 1 0 1.35188 1 0 1.35188 1 0 1.35188 1 0 1.35188 1 0 1.35188 1 
7 24 214.289 1.57126 1 221.804 2.07561 1 216.987 1.23831 0 0 1.35188 1 0 1.35188 1 0 1.35188 1 0 1.35188 1 0 1.35188 1 0 1.35188 1 0 1.35188 1 0 1.35188 1 0 1.35188 1 0 1.35188 1 0 1.35188 1 0 1.35188 1 
8 0 237.603 1.82788 1 232.99 2.86801 1 240.891 2.22196 1 0 1.35188 1 0 1.35188 1 0 1.35188 1 0 1.35188 1 0 1.35188 1 0 1.35188 1 0 1.35188 1 0 1.35188 1 0 1.35188 1 0 1.35188 1 0 1.35188 1 0 1.35188 1 
8 8 241.45 1.72222 1 243.259 2.30748 1 241.255 1.80995 1 0 1.35188 1 0 1.35188 1 0 1.35188 1 0 1.35188 1 0 1.35188 1 0 1.35188 1 0 1.35188 1 0 1.35188 1 0 1.35188 1 0 1.35188 1 0 1.35188 1 0 1.35188 1 
8 16 247.085 1.75696 1 244.628 1.8007 1 241.388 1.75397 1 0 1.35188 1 0 1.35188 1 0 1.35188 1 0 1.35188 1 0 1.35188 1 0 1.35188 1 0 1.35188 1 0 1.35188 1 0 1.35188 1 0 1.35188 1 0 1.35188 1 0 1.35188 1 
8 24 241.671 2.0762 1 239.459 1.99257 1 250.445 2.23396 1 0 1.35188 1 0 1.35188 1 0 1.35188 1 0 1.35188 1 0 1.35188 1 0 1.35188 1 0 1.35188 1 0 1.35188 1 0 1.35188 1 0 1.35188 1 0 1.35188 1 0 1.35188 1 
9 0 221.654 1.45644 1 226.863 1.98422 1 224.144 1.23917 1 0 1.35188 1 0 1.35188 1 0 1.35188 1 0 1.35188 1 0 1.35188 1 0 1.35188 1 0 1.35188 1 0 1.35188 1 0 1.35188 1 0 1.35188 1 0 1.35188 1 0 1.35188 1 
9 8 226.707 1.55842 1 233.029 2.25922 1 226.31 1.47409 1 0 1.35188 1 0 1.35188 1 0 1.35188 1 0 1.35188 1 0 1.35188 1 0 1.35188 1 0 1.35188 1 0 1.35188 1 0 1.35188 1 0 1.35188 1 0 1.35188 1 0 1.35188 1 
9 16 230.73 1.96631 1 229.506 2.04789 1 233.431 1.57156 1 0 1.35188 1 0 1.35188 1 0 1.35188 1 0 1.35188 1 0 1.35188 1 0 1.35188 1 0 1.35188 1 0 1.35188 1 0 1.35188 1 0 1.35188 1 0 1.35188 1 0 1.35188 1 
9 24 224.029 1.53453 1 225.174 1.9599 1 223.649 1.48529 1 0 1.35188 1 0 1.35188 1 0 1.35188 1 0 1.35188 1 0 1.35188 1 0 1.35188 1 0 1.35188 1 0 1.35188 1 0 1.35188 1 0 1.35188 1 0 1.35188 1 0 1.35188 1 
10 0 232.863 1.53668 1 232.62 1.84742 1 247.049 3.31153 1 0 1.35188 1 0 1.35188 1 0 1.35188 1 0 1.35188 1 0 1.35188 1 0 1.35188 1 0 1.35188 1 0 1.35188 1 0 1.35188 1 0 1.35188 1 0 1.35188 1 0 1.35188 1 
10 8 245.254 1.6848 1 242.206 1.9388 1 239.394 1.56131 1 0 1.35188 1 0 1.35188 1 0 1.35188 1 0 1.35188 1 0 1.35188 1 0 1.35188 1 0 1.35188 1 0 1.35188 1 0 1.35188 1 0 1.35188 1 0 1.35188 1 0 1.35188 1 
10 16 234.166 2.14783 1 242.24 1.7749 1 236.682 1.3047 1 0 1.35188 1 0 1.35188 1 0 1.35188 1 0 1.35188 1 0 1.35188 1 0 1.35188 1 0 1.35188 1 0 1.35188 1 0 1.35188 1 0 1.35188 1 0 1.35188 1 0 1.35188 1 
10 24 242.626 1.80157 1 234.019 2.18562 1 235.816 1.47259 1 0 1.35188 1 0 1.35188 1 0 1.35188 1 0 1.35188 1 0 1.35188 1 0 1.35188 1 0 1.35188 1 0 1.35188 1 0 1.35188 1 0 1.35188 1 0 1.35188 1 0 1.35188 1 
11 0 225.395 1.62905 1 230.362 2.18076 1 226.553 1.38034 1 0 1.35188 1 0 1.35188 1 0 1.35188 1 0 1.35188 1 0 1.35188 1 0 1.35188 1 0 1.35188 1 0 1.35188 1 0 1.35188 1 0 1.35188 1 0 1.35188 1 0 1.35188 1 
11 8 234.855 1.8225 1 220.818 2.34208 1 216.937 1.57208 1 0 1.35188 1 0 1.35188 1 0 1.35188 1 0 1.35188 1 0 1.35188 1 0 1.35188 1 0 1.35188 1 0 1.35188 1 0 1.35188 1 0 1.35188 1 0 1.35188 1 0 1.35188 1 
11 16 233.04 1.79835 1 226.859 2.56274 1 220.485 1.95068 1 0 1.35188 1 0 1.35188 1 0 1.35188 1 0 1.35188 1 0 1.35188 1 0 1.35188 1 0 1.35188 1 0 1.35188 1 0 1.35188 1 0 1.35188 1 0 1.35188 1 0 1.35188 1 
11 24 230.494 1.73263 1 221.986 1.892 1 223.94 1.76855 1 0 1.35188 1 0 1.35188 1 0 1.35188 1 0 1.35188 1 0 1.35188 1 0 1.35188 1 0 1.35188 1 0 1.35188 1 0 1.35188 1 0 1.35188 1 0 1.35188 1 0 1.35188 1 
12 0 233.473 2.18368 1 219.998 2.24731 1 209.413 1.94954 1 0 1.35188 1 0 1.35188 1 0 1.35188 1 0 1.35188 1 0 1.35188 1 0 1.35188 1 0 1.35188 1 0 1.35188 1 0 1.35188 1 0 1.35188 1 0 1.35188 1 0 1.35188 1 
12 8 219.127 2.12471 1 210.256 2.2858 1 222.475 1.54646 1 0 1.35188 1 0 1.35188 1 0 1.35188 1 0 1.35188 1 0 1.35188 1 0 1.35188 1 0 1.35188 1 0 1.35188 1 0 1.35188 1 0 1.35188 1 0 1.35188 1 0 1.35188 1 
12 16 226.004 2.04644 1 221.232 1.61977 1 210.17 1.93541 1 0 1.35188 1 0 1.35188 1 0 1.35188 1 0 1.35188 1 0 1.35188 1 0 1.35188 1 0 1.35188 1 0 1.35188 1 0 1.35188 1 0 1.35188 1 0 1.35188 1 0 1.35188 1 
12 24 225.046 1.70379 1 201.749 2.58014 1 212.79 2.19488 1 0 1.35188 1 0 1.35188 1 0 1.35188 1 0 1.35188 1 0 1.35188 1 0 1.35188 1 0 1.35188 1 0 1.35188 1 0 1.35188 1 0 1.35188 1 0 1.35188 1 0 1.35188 1 
13 0 228.423 1.73628 1 228.245 2.40489 1 228.22 1.43075 1 0 1.35188 1 0 1.35188 1 0 1.35188 1 0 1.35188 1 0 1.35188 1 0 1.35188 1 0 1.35188 1 0 1.35188 1 0 1.35188 1 0 1.35188 1 0 1.35188 1 0 1.35188 1 
13 8 224.528 1.37893 1 225.299 1.26579 1 226.403 1.15621 1 0 1.35188 1 0 1.35188 1 0 1.35188 1 0 1.35188 1 0 1.35188 1 0 1.35188 1 0 1.35188 1 0 1.35188 1 0 1.35188 1 0 1.35188 1 0 1.35188 1 0 1.35188 1 
13 16 235.912 2.38077 1 245.139 2.77169 0 225.596 1.35766 1 0 1.35188 1 0 1.35188 1 0 1.35188 1 0 1.35188 1 0 1.35188 1 0 1.35188 1 0 1.35188 1 0 1.35188 1 0 1.35188 1 0 1.35188 1 0 1.35188 1 0 1.35188 1 
13 24 228.866 1.47978 1 230.302 1.73609 1 229.74 1.2266 1 0 1.35188 1 0 1.35188 1 0 1.35188 1 0 1.35188 1 0 1.35188 1 0 1.35188 1 0 1.35188 1 0 1.35188 1 0 1.35188 1 0 1.35188 1 0 1.35188 1 0 1.35188 1 
14 0 212.093 1.71329 1 211.413 1.52525 1 234.146 2.21507 1 0 1.35188 1 0 1.35188 1 0 1.35188 1 0 1.35188 1 0 1.35188 1 0 1.35188 1 0 1.35188 1 0 1.35188 1 0 1.35188 1 0 1.35188 1 0 1.35188 1 0 1.35188 1 
14 8 213.92 2.17275 1 205.21 1.95296 1 213.129 1.80445 1 0 1.35188 1 0 1.35188 1 0 1.35188 1 0 1.35188 1 0 1.35188 1 0 1.35188 1 0 1.35188 1 0 1.35188 1 0 1.35188 1 0 1.35188 1 0 1.35188 1 0 1.35188 1 
14 16 212.081 2.40645 1 215.065 2.80986 1 234.257 2.85259 1 0 1.35188 1 0 1.35188 1 0 1.35188 1 0 1.35188 1 0 1.35188 1 0 1.35188 1 0 1.35188 1 0 1.35188 1 0 1.35188 1 0 1.35188 1 0 1.35188 1 0 1.35188 1 
14 24 210.128 1.80052 1 212.973 2.64629 1 208.752 1.74832 1 0 1.35188 1 0 1.35188 1 0 1.35188 1 0 1.35188 1 0 1.35188 1 0 1.35188 1 0 1.35188 1 0 1.35188 1 0 1.35188 1 0 1.35188 1 0 1.35188 1 0 1.35188 1 
15 0 216.5 3.3515 1 216.123 1.96823 1 220.076 2.83747 1 0 1.35188 1 0 1.35188 1 0 1.35188 1 0 1.35188 1 0 1.35188 1 0 1.35188 1 0 1.35188 1 0 1.35188 1 0 1.35188 1 0 1.35188 1 0 1.35188 1 0 1.35188 1 
15 8 219.002 3.50529 1 209.074 2.09115 1 233.404 3.20812 1 0 1.35188 1 0 1.35188 1 0 1.35188 1 0 1.35188 1 0 1.35188 1 0 1.35188 1 0 1.35188 1 0 1.35188 1 0 1.35188 1 0 1.35188 1 0 1.35188 1 0 1.35188 1 
15 16 213.209 3.46849 1 216.409 3.02783 1 247.108 5.79486 1 0 1.35188 1 0 1.35188 1 0 1.35188 1 0 1.35188 1 0 1.35188 1 0 1.35188 1 0 1.35188 1 0 1.35188 1 0 1.35188 1 0 1.35188 1 0 1.35188 1 0 1.35188 1 
15 24 236.53 2.78387 0 220.226 2.10833 1 212.67 2.15783 1 0 1.35188 1 0 1.35188 1 0 1.35188 1 0 1.35188 1 0 1.35188 1 0 1.35188 1 0 1.35188 1 0 1.35188 1 0 1.35188 1 0 1.35188 1 0 1.35188 1 0 1.35188 1 
