#pedestal results (injection fits): calib_02272020_pa1.2fb_trig230_chn0.8.16.24_calib_small_Ascii
#chip channel ped0 eped0 accept0 ped1 eped1 accept1 ... pedn epedn acceptn (All sca)
0 0 237.679 26.5207 0 218.371 1.25683 0 230.492 1.31136 1 0 1.35188 1 0 1.35188 1 0 1.35188 1 0 1.35188 1 0 1.35188 1 0 1.35188 1 0 1.35188 1 0 1.35188 1 0 1.35188 1 0 1.35188 1 0 1.35188 1 0 1.35188 1 
0 8 220.095 19.7306 0 210.767 1.49719 0 221.224 1.08132 1 0 1.35188 1 0 1.35188 1 0 1.35188 1 0 1.35188 1 0 1.35188 1 0 1.35188 1 0 1.35188 1 0 1.35188 1 0 1.35188 1 0 1.35188 1 0 1.35188 1 0 1.35188 1 
0 16 228.918 18.2719 0 216.881 1.33459 0 229.009 1.10412 1 0 1.35188 1 0 1.35188 1 0 1.35188 1 0 1.35188 1 0 1.35188 1 0 1.35188 1 0 1.35188 1 0 1.35188 1 0 1.35188 1 0 1.35188 1 0 1.35188 1 0 1.35188 1 
0 24 215.268 17.6919 0 216.616 1.16469 0 220.487 1.14282 1 0 1.35188 1 0 1.35188 1 0 1.35188 1 0 1.35188 1 0 1.35188 1 0 1.35188 1 0 1.35188 1 0 1.35188 1 0 1.35188 1 0 1.35188 1 0 1.35188 1 0 1.35188 1 
1 0 229.62 1.74703 1 239.819 2.00113 1 231.924 1.95379 1 0 1.35188 1 0 1.35188 1 0 1.35188 1 0 1.35188 1 0 1.35188 1 0 1.35188 1 0 1.35188 1 0 1.35188 1 0 1.35188 1 0 1.35188 1 0 1.35188 1 0 1.35188 1 
1 8 202.328 1.78102 0 222.935 1.24568 0 221.266 1.92412 0 0 1.35188 1 0 1.35188 1 0 1.35188 1 0 1.35188 1 0 1.35188 1 0 1.35188 1 0 1.35188 1 0 1.35188 1 0 1.35188 1 0 1.35188 1 0 1.35188 1 0 1.35188 1 
1 16 212.757 2.28881 0 226.676 2.52867 0 231.184 1.4087 0 0 1.35188 1 0 1.35188 1 0 1.35188 1 0 1.35188 1 0 1.35188 1 0 1.35188 1 0 1.35188 1 0 1.35188 1 0 1.35188 1 0 1.35188 1 0 1.35188 1 0 1.35188 1 
1 24 239.853 1.80316 1 235.53 1.61599 1 237.459 2.3516 1 0 1.35188 1 0 1.35188 1 0 1.35188 1 0 1.35188 1 0 1.35188 1 0 1.35188 1 0 1.35188 1 0 1.35188 1 0 1.35188 1 0 1.35188 1 0 1.35188 1 0 1.35188 1 
2 0 253.332 4.63041 0 197.199 1.38461 0 211.812 1.5531 1 0 1.35188 1 0 1.35188 1 0 1.35188 1 0 1.35188 1 0 1.35188 1 0 1.35188 1 0 1.35188 1 0 1.35188 1 0 1.35188 1 0 1.35188 1 0 1.35188 1 0 1.35188 1 
2 8 177.12 3.69416 1 200.937 1.34454 0 232.931 1.72709 0 0 1.35188 1 0 1.35188 1 0 1.35188 1 0 1.35188 1 0 1.35188 1 0 1.35188 1 0 1.35188 1 0 1.35188 1 0 1.35188 1 0 1.35188 1 0 1.35188 1 0 1.35188 1 
2 16 217.361 22.0484 0 189.122 1.16192 0 208.982 0.956648 1 0 1.35188 1 0 1.35188 1 0 1.35188 1 0 1.35188 1 0 1.35188 1 0 1.35188 1 0 1.35188 1 0 1.35188 1 0 1.35188 1 0 1.35188 1 0 1.35188 1 0 1.35188 1 
2 24 221.326 15.3781 0 201.008 1.44013 0 207.192 1.63249 1 0 1.35188 1 0 1.35188 1 0 1.35188 1 0 1.35188 1 0 1.35188 1 0 1.35188 1 0 1.35188 1 0 1.35188 1 0 1.35188 1 0 1.35188 1 0 1.35188 1 0 1.35188 1 
3 0 234.601 2.33315 1 238.302 2.54511 1 228.599 1.27799 0 0 1.35188 1 0 1.35188 1 0 1.35188 1 0 1.35188 1 0 1.35188 1 0 1.35188 1 0 1.35188 1 0 1.35188 1 0 1.35188 1 0 1.35188 1 0 1.35188 1 0 1.35188 1 
3 8 236.182 2.93643 1 234.99 2.36737 0 224.16 2.43777 0 0 1.35188 1 0 1.35188 1 0 1.35188 1 0 1.35188 1 0 1.35188 1 0 1.35188 1 0 1.35188 1 0 1.35188 1 0 1.35188 1 0 1.35188 1 0 1.35188 1 0 1.35188 1 
3 16 191.325 2.98099 0 225.301 4.09292 0 238.888 2.04175 1 0 1.35188 1 0 1.35188 1 0 1.35188 1 0 1.35188 1 0 1.35188 1 0 1.35188 1 0 1.35188 1 0 1.35188 1 0 1.35188 1 0 1.35188 1 0 1.35188 1 0 1.35188 1 
3 24 238.584 1.10892 1 228.784 2.33936 0 235.243 2.86006 0 0 1.35188 1 0 1.35188 1 0 1.35188 1 0 1.35188 1 0 1.35188 1 0 1.35188 1 0 1.35188 1 0 1.35188 1 0 1.35188 1 0 1.35188 1 0 1.35188 1 0 1.35188 1 
4 0 243.544 0.905789 0 240.926 1.77677 0 243.356 1.49009 0 0 1.35188 1 0 1.35188 1 0 1.35188 1 0 1.35188 1 0 1.35188 1 0 1.35188 1 0 1.35188 1 0 1.35188 1 0 1.35188 1 0 1.35188 1 0 1.35188 1 0 1.35188 1 
4 8 250.774 0.970603 0 254.14 2.26171 0 257.504 1.60932 0 0 1.35188 1 0 1.35188 1 0 1.35188 1 0 1.35188 1 0 1.35188 1 0 1.35188 1 0 1.35188 1 0 1.35188 1 0 1.35188 1 0 1.35188 1 0 1.35188 1 0 1.35188 1 
4 16 260.205 1.90995 1 251.815 2.74449 1 246.684 2.8982 1 0 1.35188 1 0 1.35188 1 0 1.35188 1 0 1.35188 1 0 1.35188 1 0 1.35188 1 0 1.35188 1 0 1.35188 1 0 1.35188 1 0 1.35188 1 0 1.35188 1 0 1.35188 1 
4 24 253.174 2.59712 1 249.084 3.13379 1 250.099 2.49202 1 0 1.35188 1 0 1.35188 1 0 1.35188 1 0 1.35188 1 0 1.35188 1 0 1.35188 1 0 1.35188 1 0 1.35188 1 0 1.35188 1 0 1.35188 1 0 1.35188 1 0 1.35188 1 
5 0 205.938 2.97982 0 206.328 3.23702 0 220.932 6.48191 1 0 1.35188 1 0 1.35188 1 0 1.35188 1 0 1.35188 1 0 1.35188 1 0 1.35188 1 0 1.35188 1 0 1.35188 1 0 1.35188 1 0 1.35188 1 0 1.35188 1 0 1.35188 1 
5 8 210.839 2.50125 0 207.982 3.65339 1 222.512 3.55254 1 0 1.35188 1 0 1.35188 1 0 1.35188 1 0 1.35188 1 0 1.35188 1 0 1.35188 1 0 1.35188 1 0 1.35188 1 0 1.35188 1 0 1.35188 1 0 1.35188 1 0 1.35188 1 
5 16 212.368 3.2141 0 208.873 3.74595 1 221.535 3.01802 1 0 1.35188 1 0 1.35188 1 0 1.35188 1 0 1.35188 1 0 1.35188 1 0 1.35188 1 0 1.35188 1 0 1.35188 1 0 1.35188 1 0 1.35188 1 0 1.35188 1 0 1.35188 1 
5 24 197.105 2.66153 0 205.982 4.96018 1 218.627 3.70221 1 0 1.35188 1 0 1.35188 1 0 1.35188 1 0 1.35188 1 0 1.35188 1 0 1.35188 1 0 1.35188 1 0 1.35188 1 0 1.35188 1 0 1.35188 1 0 1.35188 1 0 1.35188 1 
6 0 228.984 3.61108 0 207.559 3.35959 0 228.766 3.54837 1 0 1.35188 1 0 1.35188 1 0 1.35188 1 0 1.35188 1 0 1.35188 1 0 1.35188 1 0 1.35188 1 0 1.35188 1 0 1.35188 1 0 1.35188 1 0 1.35188 1 0 1.35188 1 
6 8 229.73 25.9579 0 203.772 2.64675 0 212.789 5.47823 1 0 1.35188 1 0 1.35188 1 0 1.35188 1 0 1.35188 1 0 1.35188 1 0 1.35188 1 0 1.35188 1 0 1.35188 1 0 1.35188 1 0 1.35188 1 0 1.35188 1 0 1.35188 1 
6 16 235.337 4.40297 1 246.335 1.49064 1 224.243 5.90408 1 0 1.35188 1 0 1.35188 1 0 1.35188 1 0 1.35188 1 0 1.35188 1 0 1.35188 1 0 1.35188 1 0 1.35188 1 0 1.35188 1 0 1.35188 1 0 1.35188 1 0 1.35188 1 
6 24 236.244 3.72551 1 239.049 2.05189 1 222.892 4.58169 1 0 1.35188 1 0 1.35188 1 0 1.35188 1 0 1.35188 1 0 1.35188 1 0 1.35188 1 0 1.35188 1 0 1.35188 1 0 1.35188 1 0 1.35188 1 0 1.35188 1 0 1.35188 1 
7 0 235.079 1.679 1 241.191 2.32431 1 233.774 1.78384 1 0 1.35188 1 0 1.35188 1 0 1.35188 1 0 1.35188 1 0 1.35188 1 0 1.35188 1 0 1.35188 1 0 1.35188 1 0 1.35188 1 0 1.35188 1 0 1.35188 1 0 1.35188 1 
7 8 236.433 2.00128 1 235.768 1.83303 1 234.277 1.76255 1 0 1.35188 1 0 1.35188 1 0 1.35188 1 0 1.35188 1 0 1.35188 1 0 1.35188 1 0 1.35188 1 0 1.35188 1 0 1.35188 1 0 1.35188 1 0 1.35188 1 0 1.35188 1 
7 16 225.659 1.15678 0 240.307 1.14123 1 237.913 1.60653 0 0 1.35188 1 0 1.35188 1 0 1.35188 1 0 1.35188 1 0 1.35188 1 0 1.35188 1 0 1.35188 1 0 1.35188 1 0 1.35188 1 0 1.35188 1 0 1.35188 1 0 1.35188 1 
7 24 233.327 1.68775 0 226.75 3.45707 1 236.349 2.68264 1 0 1.35188 1 0 1.35188 1 0 1.35188 1 0 1.35188 1 0 1.35188 1 0 1.35188 1 0 1.35188 1 0 1.35188 1 0 1.35188 1 0 1.35188 1 0 1.35188 1 0 1.35188 1 
8 0 286.569 33.5353 0 225.338 1.65907 0 229.797 5.44519 1 0 1.35188 1 0 1.35188 1 0 1.35188 1 0 1.35188 1 0 1.35188 1 0 1.35188 1 0 1.35188 1 0 1.35188 1 0 1.35188 1 0 1.35188 1 0 1.35188 1 0 1.35188 1 
8 8 250.718 76.8387 0 238.578 1.58865 0 258.733 6.04833 1 0 1.35188 1 0 1.35188 1 0 1.35188 1 0 1.35188 1 0 1.35188 1 0 1.35188 1 0 1.35188 1 0 1.35188 1 0 1.35188 1 0 1.35188 1 0 1.35188 1 0 1.35188 1 
8 16 235.553 2.24332 0 249.476 2.72253 1 237.705 2.41948 0 0 1.35188 1 0 1.35188 1 0 1.35188 1 0 1.35188 1 0 1.35188 1 0 1.35188 1 0 1.35188 1 0 1.35188 1 0 1.35188 1 0 1.35188 1 0 1.35188 1 0 1.35188 1 
8 24 233.067 44.0044 0 221.028 2.70239 0 251.063 5.6825 1 0 1.35188 1 0 1.35188 1 0 1.35188 1 0 1.35188 1 0 1.35188 1 0 1.35188 1 0 1.35188 1 0 1.35188 1 0 1.35188 1 0 1.35188 1 0 1.35188 1 0 1.35188 1 
9 0 207.711 1.77934 0 223.314 1.83476 1 235.678 1.70879 0 0 1.35188 1 0 1.35188 1 0 1.35188 1 0 1.35188 1 0 1.35188 1 0 1.35188 1 0 1.35188 1 0 1.35188 1 0 1.35188 1 0 1.35188 1 0 1.35188 1 0 1.35188 1 
9 8 219.208 1.56704 1 211.377 1.27174 0 227.058 2.25298 1 0 1.35188 1 0 1.35188 1 0 1.35188 1 0 1.35188 1 0 1.35188 1 0 1.35188 1 0 1.35188 1 0 1.35188 1 0 1.35188 1 0 1.35188 1 0 1.35188 1 0 1.35188 1 
9 16 219.493 2.04927 1 224.7 1.09795 0 231.302 2.79991 1 0 1.35188 1 0 1.35188 1 0 1.35188 1 0 1.35188 1 0 1.35188 1 0 1.35188 1 0 1.35188 1 0 1.35188 1 0 1.35188 1 0 1.35188 1 0 1.35188 1 0 1.35188 1 
9 24 208.359 1.62836 0 224.838 2.02496 1 245.003 2.14258 0 0 1.35188 1 0 1.35188 1 0 1.35188 1 0 1.35188 1 0 1.35188 1 0 1.35188 1 0 1.35188 1 0 1.35188 1 0 1.35188 1 0 1.35188 1 0 1.35188 1 0 1.35188 1 
10 0 219.114 3.59862 1 233.674 4.1388 1 242.082 2.95626 1 0 1.35188 1 0 1.35188 1 0 1.35188 1 0 1.35188 1 0 1.35188 1 0 1.35188 1 0 1.35188 1 0 1.35188 1 0 1.35188 1 0 1.35188 1 0 1.35188 1 0 1.35188 1 
10 8 222.525 2.80162 1 217.933 3.6918 1 222.838 2.8311 1 0 1.35188 1 0 1.35188 1 0 1.35188 1 0 1.35188 1 0 1.35188 1 0 1.35188 1 0 1.35188 1 0 1.35188 1 0 1.35188 1 0 1.35188 1 0 1.35188 1 0 1.35188 1 
10 16 222.908 4.94619 1 246.231 6.03036 1 248.917 3.40587 1 0 1.35188 1 0 1.35188 1 0 1.35188 1 0 1.35188 1 0 1.35188 1 0 1.35188 1 0 1.35188 1 0 1.35188 1 0 1.35188 1 0 1.35188 1 0 1.35188 1 0 1.35188 1 
10 24 236.061 2.56557 1 225.173 2.92539 1 227.755 2.52096 1 0 1.35188 1 0 1.35188 1 0 1.35188 1 0 1.35188 1 0 1.35188 1 0 1.35188 1 0 1.35188 1 0 1.35188 1 0 1.35188 1 0 1.35188 1 0 1.35188 1 0 1.35188 1 
11 0 224.179 2.06674 0 236.334 4.49522 1 233.879 2.96841 1 0 1.35188 1 0 1.35188 1 0 1.35188 1 0 1.35188 1 0 1.35188 1 0 1.35188 1 0 1.35188 1 0 1.35188 1 0 1.35188 1 0 1.35188 1 0 1.35188 1 0 1.35188 1 
11 8 221.193 1.71952 0 242.822 2.15869 1 250.374 2.58906 1 0 1.35188 1 0 1.35188 1 0 1.35188 1 0 1.35188 1 0 1.35188 1 0 1.35188 1 0 1.35188 1 0 1.35188 1 0 1.35188 1 0 1.35188 1 0 1.35188 1 0 1.35188 1 
11 16 228.669 1.83144 0 236.21 3.19291 1 241.141 2.21696 1 0 1.35188 1 0 1.35188 1 0 1.35188 1 0 1.35188 1 0 1.35188 1 0 1.35188 1 0 1.35188 1 0 1.35188 1 0 1.35188 1 0 1.35188 1 0 1.35188 1 0 1.35188 1 
11 24 222.522 2.15719 0 232.116 2.43056 1 257.47 3.63419 1 0 1.35188 1 0 1.35188 1 0 1.35188 1 0 1.35188 1 0 1.35188 1 0 1.35188 1 0 1.35188 1 0 1.35188 1 0 1.35188 1 0 1.35188 1 0 1.35188 1 0 1.35188 1 
12 0 226.744 2.53085 0 232.077 3.12455 1 237.117 5.01672 1 0 1.35188 1 0 1.35188 1 0 1.35188 1 0 1.35188 1 0 1.35188 1 0 1.35188 1 0 1.35188 1 0 1.35188 1 0 1.35188 1 0 1.35188 1 0 1.35188 1 0 1.35188 1 
12 8 229.901 3.70557 1 234.023 2.96448 1 229.216 4.91135 1 0 1.35188 1 0 1.35188 1 0 1.35188 1 0 1.35188 1 0 1.35188 1 0 1.35188 1 0 1.35188 1 0 1.35188 1 0 1.35188 1 0 1.35188 1 0 1.35188 1 0 1.35188 1 
12 16 224.708 4.00114 0 231.457 5.39282 1 239.109 6.60017 1 0 1.35188 1 0 1.35188 1 0 1.35188 1 0 1.35188 1 0 1.35188 1 0 1.35188 1 0 1.35188 1 0 1.35188 1 0 1.35188 1 0 1.35188 1 0 1.35188 1 0 1.35188 1 
12 24 240.603 7.14749 1 247.541 6.05205 1 243.609 5.86763 1 0 1.35188 1 0 1.35188 1 0 1.35188 1 0 1.35188 1 0 1.35188 1 0 1.35188 1 0 1.35188 1 0 1.35188 1 0 1.35188 1 0 1.35188 1 0 1.35188 1 0 1.35188 1 
13 0 215.283 2.88936 1 217.12 4.84376 1 225.83 4.66364 1 0 1.35188 1 0 1.35188 1 0 1.35188 1 0 1.35188 1 0 1.35188 1 0 1.35188 1 0 1.35188 1 0 1.35188 1 0 1.35188 1 0 1.35188 1 0 1.35188 1 0 1.35188 1 
13 8 214.538 3.5188 1 209.789 3.77269 1 218.739 5.19374 1 0 1.35188 1 0 1.35188 1 0 1.35188 1 0 1.35188 1 0 1.35188 1 0 1.35188 1 0 1.35188 1 0 1.35188 1 0 1.35188 1 0 1.35188 1 0 1.35188 1 0 1.35188 1 
13 16 202.745 2.48775 0 203.148 3.46403 1 207.233 6.52013 1 0 1.35188 1 0 1.35188 1 0 1.35188 1 0 1.35188 1 0 1.35188 1 0 1.35188 1 0 1.35188 1 0 1.35188 1 0 1.35188 1 0 1.35188 1 0 1.35188 1 0 1.35188 1 
13 24 217.217 4.57611 1 203.98 4.43074 1 217.401 5.15812 1 0 1.35188 1 0 1.35188 1 0 1.35188 1 0 1.35188 1 0 1.35188 1 0 1.35188 1 0 1.35188 1 0 1.35188 1 0 1.35188 1 0 1.35188 1 0 1.35188 1 0 1.35188 1 
14 0 216.634 3.38733 0 241.601 1.33796 1 231.592 5.7222 1 0 1.35188 1 0 1.35188 1 0 1.35188 1 0 1.35188 1 0 1.35188 1 0 1.35188 1 0 1.35188 1 0 1.35188 1 0 1.35188 1 0 1.35188 1 0 1.35188 1 0 1.35188 1 
14 8 229.825 2.09984 0 225.823 3.65788 1 231.306 4.55871 1 0 1.35188 1 0 1.35188 1 0 1.35188 1 0 1.35188 1 0 1.35188 1 0 1.35188 1 0 1.35188 1 0 1.35188 1 0 1.35188 1 0 1.35188 1 0 1.35188 1 0 1.35188 1 
14 16 210.179 4.37817 0 234.949 3.68756 1 213.625 5.72048 1 0 1.35188 1 0 1.35188 1 0 1.35188 1 0 1.35188 1 0 1.35188 1 0 1.35188 1 0 1.35188 1 0 1.35188 1 0 1.35188 1 0 1.35188 1 0 1.35188 1 0 1.35188 1 
14 24 202.439 4.89757 0 239.93 1.40916 1 223.11 6.73218 1 0 1.35188 1 0 1.35188 1 0 1.35188 1 0 1.35188 1 0 1.35188 1 0 1.35188 1 0 1.35188 1 0 1.35188 1 0 1.35188 1 0 1.35188 1 0 1.35188 1 0 1.35188 1 
15 0 219.875 4.47545 0 252.174 3.93242 1 237.042 8.22187 1 0 1.35188 1 0 1.35188 1 0 1.35188 1 0 1.35188 1 0 1.35188 1 0 1.35188 1 0 1.35188 1 0 1.35188 1 0 1.35188 1 0 1.35188 1 0 1.35188 1 0 1.35188 1 
15 8 244.379 2.31687 1 239.574 3.04004 1 237.394 2.8526 1 0 1.35188 1 0 1.35188 1 0 1.35188 1 0 1.35188 1 0 1.35188 1 0 1.35188 1 0 1.35188 1 0 1.35188 1 0 1.35188 1 0 1.35188 1 0 1.35188 1 0 1.35188 1 
15 16 244.147 3.99527 1 236.978 3.74694 1 234.952 3.86995 1 0 1.35188 1 0 1.35188 1 0 1.35188 1 0 1.35188 1 0 1.35188 1 0 1.35188 1 0 1.35188 1 0 1.35188 1 0 1.35188 1 0 1.35188 1 0 1.35188 1 0 1.35188 1 
15 24 239.454 2.56702 0 231.141 2.81536 1 251.113 5.68001 1 0 1.35188 1 0 1.35188 1 0 1.35188 1 0 1.35188 1 0 1.35188 1 0 1.35188 1 0 1.35188 1 0 1.35188 1 0 1.35188 1 0 1.35188 1 0 1.35188 1 0 1.35188 1 
